   20
    8   1   8   4   6 0.30434842E+00 0.10881443E+01-0.40941386E+01 0.23341889E+01-0.25980757E+01 0.92751615E+01-0.14940820E+01
  0.29333 0.29714 0.30149 0.30640 0.31189 0.31800 0.32472 0.33202 0.00000 0.00000 0.00000 0.00000 0.00000 0.00000 0.00000
  1.00308 1.03258 1.06616 1.07696 1.06254 1.02976 1.00191 0.97875 0.00000 0.00000 0.00000 0.00000 0.00000 0.00000 0.00000
    8   1   9   4   7 0.35221802E+00 0.11299948E+01-0.50182190E+01 0.28975019E+01 0.12540415E+03-0.78093171E+02 0.13078487E+02
  0.34128 0.34495 0.34915 0.35389 0.35919 0.36509 0.37157 0.37863 0.38625 0.00000 0.00000 0.00000 0.00000 0.00000 0.00000
  1.03296 1.06218 1.09976 1.11642 1.10258 1.06512 1.03079 1.00465 0.98128 0.00000 0.00000 0.00000 0.00000 0.00000 0.00000
    8   1   9   4   7 0.40734555E+00 0.11674700E+01-0.56149177E+01 0.34546817E+01 0.39733802E+02-0.22144002E+02 0.35946849E+01
  0.39633 0.39984 0.40387 0.40842 0.41351 0.41917 0.42540 0.43218 0.43951 0.00000 0.00000 0.00000 0.00000 0.00000 0.00000
  1.05962 1.09297 1.13244 1.15332 1.14308 1.10364 1.06138 1.02942 1.00383 0.00000 0.00000 0.00000 0.00000 0.00000 0.00000
    8   1  10   4   8 0.47250479E+00 0.12059727E+01-0.64708519E+01 0.42634813E+01-0.14135417E+03 0.14240458E+03-0.34522031E+02
  0.46112 0.46446 0.46830 0.47263 0.47748 0.48287 0.48880 0.49526 0.50224 0.50972 0.00000 0.00000 0.00000 0.00000 0.00000
  1.08724 1.12586 1.16635 1.19174 1.18673 1.14706 1.09640 1.05523 1.02550 1.00493 0.00000 0.00000 0.00000 0.00000 0.00000
    8   1   9   4   7 0.47692540E+00 0.10715107E+01-0.40029345E+01 0.29806119E+01-0.46965111E+03 0.44498984E+03-0.10432962E+03
  0.46151 0.46551 0.47003 0.47507 0.48063 0.48672 0.49333 0.50045 0.50807 0.50972 0.00000 0.00000 0.00000 0.00000 0.00000
  1.00601 1.04444 1.06978 1.07650 1.06050 1.03178 1.00503 0.98476 0.96839 1.00493 0.00000 0.00000 0.00000 0.00000 0.00000
    8   1  10   4   8 0.55477650E+00 0.12462552E+01-0.84607799E+01 0.59400972E+01-0.52097455E+03 0.58032204E+03-0.16035881E+03
  0.54385 0.54745 0.55152 0.55607 0.56113 0.56671 0.57278 0.57933 0.58636 0.59384 0.00000 0.00000 0.00000 0.00000 0.00000
  1.15924 1.20165 1.23331 1.23576 1.19863 1.14037 1.08490 1.04592 1.02346 1.00324 0.00000 0.00000 0.00000 0.00000 0.00000
    8   1   9   4   7 0.55393570E+00 0.11201950E+01-0.50701594E+01 0.39287373E+01-0.42461154E+03 0.47180078E+03-0.12993728E+03
  0.54111 0.54486 0.54910 0.55382 0.55904 0.56476 0.57096 0.57765 0.58481 0.59384 0.00000 0.00000 0.00000 0.00000 0.00000
  1.03263 1.07266 1.10354 1.11520 1.10121 1.06750 1.03037 1.00357 0.98577 1.00324 0.00000 0.00000 0.00000 0.00000 0.00000
    8   1  10   4   8 0.65835040E+00 0.13011684E+01-0.10717660E+02 0.83571439E+01-0.50222677E+03 0.66585978E+03-0.21939012E+03
  0.64754 0.65083 0.65455 0.65872 0.66336 0.66847 0.67403 0.68004 0.68649 0.69334 0.00000 0.00000 0.00000 0.00000 0.00000
  1.19292 1.23833 1.27654 1.28769 1.25777 1.19843 1.12731 1.06800 1.03845 1.01961 0.00000 0.00000 0.00000 0.00000 0.00000
    8   1  10   4   8 0.65736338E+00 0.11651680E+01-0.64764775E+01 0.54225672E+01-0.45790873E+03 0.60495298E+03-0.19863421E+03
  0.64504 0.64847 0.65234 0.65666 0.66144 0.66667 0.67236 0.67848 0.68504 0.69202 0.00000 0.00000 0.00000 0.00000 0.00000
  1.05957 1.10287 1.13889 1.15687 1.14900 1.11505 1.06578 1.02312 1.00019 0.98442 0.00000 0.00000 0.00000 0.00000 0.00000
   10   1   9   4   7 0.65857181E+00 0.10528730E+01-0.40032806E+01 0.36921574E+01-0.46953441E+03 0.61615575E+03-0.20108887E+03
  0.64515 0.64917 0.65364 0.65857 0.66395 0.66978 0.67604 0.68274 0.68986 0.69202 0.00000 0.00000 0.00000 0.00000 0.00000
  0.99513 1.02898 1.04884 1.05287 1.03830 1.01081 0.98453 0.96687 0.95309 0.98442 0.00000 0.00000 0.00000 0.00000 0.00000
    8   1   9   4   7 0.79622445E+00 0.11906999E+01-0.98510857E+01 0.90343753E+01-0.73769342E+03 0.11707230E+04-0.46328963E+03
  0.78386 0.78726 0.79107 0.79527 0.79988 0.80488 0.81028 0.81606 0.82221 0.69202 0.00000 0.00000 0.00000 0.00000 0.00000
  1.12760 1.16746 1.19178 1.19207 1.16410 1.10964 1.04663 1.00792 0.99137 0.98442 0.00000 0.00000 0.00000 0.00000 0.00000
    8   1  10   4   8 0.79490616E+00 0.10821233E+01-0.54920681E+01 0.54478020E+01-0.53576915E+03 0.84898676E+03-0.33524312E+03
  0.78093 0.78446 0.78838 0.79272 0.79745 0.80257 0.80809 0.81398 0.82026 0.82689 0.00000 0.00000 0.00000 0.00000 0.00000
  1.01640 1.05272 1.07750 1.08710 1.07597 1.04441 1.00483 0.97712 0.96190 0.94830 0.00000 0.00000 0.00000 0.00000 0.00000
    8   1  10   4   8 0.92424586E+00 0.12076551E+01-0.11472777E+02 0.11811321E+02-0.93245263E+03 0.17200605E+04-0.79202179E+03
  0.91334 0.91630 0.91960 0.92326 0.92727 0.93163 0.93633 0.94137 0.94673 0.95241 0.00000 0.00000 0.00000 0.00000 0.00000
  1.13573 1.17713 1.20413 1.20825 1.18435 1.13078 1.06023 1.01135 0.99245 0.97738 0.00000 0.00000 0.00000 0.00000 0.00000
    8   1  10   4   8 0.92267243E+00 0.10985300E+01-0.68011776E+01 0.73737892E+01-0.66245978E+03 0.12209109E+04-0.56143410E+03
  0.91076 0.91382 0.91723 0.92100 0.92511 0.92957 0.93437 0.93950 0.94496 0.95075 0.00000 0.00000 0.00000 0.00000 0.00000
  1.02306 1.06039 1.08738 1.09958 1.09108 1.05981 1.01493 0.98118 0.96438 0.95098 0.00000 0.00000 0.00000 0.00000 0.00000
    8   1   9   4   7 0.92351766E+00 0.10039917E+01-0.39750589E+01 0.46750289E+01-0.47902952E+03 0.88155716E+03-0.40457259E+03
  0.91047 0.91400 0.91788 0.92211 0.92668 0.93160 0.93685 0.94244 0.94834 0.95075 0.00000 0.00000 0.00000 0.00000 0.00000
  0.96458 0.99130 1.00695 1.00800 0.99406 0.97123 0.95056 0.93647 0.92527 0.95098 0.00000 0.00000 0.00000 0.00000 0.00000
    8   1   9   4   7 0.10657976E+01 0.11879501E+01-0.12069899E+02 0.14052019E+02-0.10745841E+04 0.22859108E+04-0.12144839E+04
  1.05557 1.05839 1.06155 1.06504 1.06888 1.07304 1.07754 1.08235 1.08748 0.95075 0.00000 0.00000 0.00000 0.00000 0.00000
  1.12322 1.16356 1.18838 1.18892 1.16046 1.10442 1.04076 1.00368 0.98797 0.95098 0.00000 0.00000 0.00000 0.00000 0.00000
    8   1   9   4   7 0.10650968E+01 0.10734854E+01-0.66595237E+01 0.81665225E+01-0.80429349E+03 0.17088415E+04-0.90659246E+03
  1.05310 1.05602 1.05928 1.06287 1.06680 1.07106 1.07565 1.08056 1.08578 0.95075 0.00000 0.00000 0.00000 0.00000 0.00000
  1.01118 1.04768 1.07219 1.08166 1.07002 1.03706 0.99867 0.97279 0.95736 0.95098 0.00000 0.00000 0.00000 0.00000 0.00000
    8   1   9   4   7 0.11760699E+01 0.11789710E+01-0.12465995E+02 0.15839852E+02-0.11834257E+04 0.27783057E+04-0.16294587E+04
  1.16632 1.16904 1.17208 1.17545 1.17915 1.18317 1.18750 1.19214 1.19708 0.95075 0.00000 0.00000 0.00000 0.00000 0.00000
  1.11792 1.15759 1.18120 1.17990 1.14927 1.09256 1.03253 1.00009 0.98524 0.95098 0.00000 0.00000 0.00000 0.00000 0.00000
   10   1   9   4   7 0.11733522E+01 0.10739251E+01-0.68401558E+01 0.91055378E+01-0.89666994E+03 0.21026103E+04-0.12315362E+04
  1.16394 1.16675 1.16989 1.17335 1.17714 1.18125 1.18567 1.19040 1.19543 0.95075 0.00000 0.00000 0.00000 0.00000 0.00000
  1.00671 1.04261 1.06589 1.07393 1.06082 1.02781 0.99180 0.96851 0.95384 0.95098 0.00000 0.00000 0.00000 0.00000 0.00000
    8   1  10   4   8 0.12646723E+01 0.13275510E+01-0.16815604E+02 0.22593778E+02-0.94514108E+03 0.23995056E+04-0.15216058E+04
  1.25701 1.25926 1.26180 1.26466 1.26784 1.27134 1.27516 1.27930 1.28373 1.28845 0.00000 0.00000 0.00000 0.00000 0.00000
  1.20375 1.25156 1.29419 1.31134 1.28696 1.22860 1.14887 1.07446 1.03749 1.01878 0.00000 0.00000 0.00000 0.00000 0.00000
    8   1   9   4   7 0.12669279E+01 0.11676816E+01-0.12479565E+02 0.16978391E+02-0.12917807E+04 0.32671748E+04-0.20646618E+04
  1.25760 1.26024 1.26319 1.26645 1.27003 1.27393 1.27813 1.28263 1.28742 1.28845 0.00000 0.00000 0.00000 0.00000 0.00000
  1.11140 1.15009 1.17209 1.16863 1.13612 1.08024 1.02574 0.99703 0.98181 1.01878 0.00000 0.00000 0.00000 0.00000 0.00000
   10   1   9   4   7 0.12644098E+01 0.10646921E+01-0.68078660E+01 0.96772279E+01-0.98785153E+03 0.24956277E+04-0.15751250E+04
  1.25529 1.25801 1.26105 1.26441 1.26808 1.27206 1.27635 1.28093 1.28581 1.28845 0.00000 0.00000 0.00000 0.00000 0.00000
  1.00139 1.03644 1.05823 1.06469 1.05039 1.01830 0.98547 0.96444 0.95009 1.01878 0.00000 0.00000 0.00000 0.00000 0.00000
    8   1  10   4   8 0.13502171E+01 0.13140896E+01-0.16955035E+02 0.24207068E+02-0.10437500E+04 0.28270665E+04-0.19129931E+04
  1.34288 1.34506 1.34753 1.35030 1.35338 1.35679 1.36049 1.36450 1.36881 1.37338 0.00000 0.00000 0.00000 0.00000 0.00000
  1.19566 1.24257 1.28375 1.29898 1.27247 1.21279 1.13546 1.06775 1.03472 1.01549 0.00000 0.00000 0.00000 0.00000 0.00000
    8   1  10   4   8 0.13494901E+01 0.11712958E+01-0.10363840E+02 0.15157195E+02-0.10111815E+04 0.27342157E+04-0.18471393E+04
  1.34120 1.34345 1.34601 1.34887 1.35204 1.35551 1.35929 1.36336 1.36773 1.37238 0.00000 0.00000 0.00000 0.00000 0.00000
  1.05978 1.10387 1.14141 1.16182 1.15635 1.12247 1.06850 1.01970 0.99415 0.97845 0.00000 0.00000 0.00000 0.00000 0.00000
   10   1   9   4   7 0.13500461E+01 0.10547871E+01-0.66549875E+01 0.10042882E+02-0.10578916E+04 0.28534282E+04-0.19230690E+04
  1.34120 1.34384 1.34679 1.35005 1.35361 1.35747 1.36162 1.36607 1.37081 1.37238 0.00000 0.00000 0.00000 0.00000 0.00000
  0.99504 1.02925 1.04998 1.05479 1.03967 1.00917 0.97960 0.96054 0.94646 0.97845 0.00000 0.00000 0.00000 0.00000 0.00000
    8   1  10   4   8 0.14342861E+01 0.12992243E+01-0.16943097E+02 0.25600473E+02-0.11485138E+04 0.33026505E+04-0.23729508E+04
  1.42728 1.42939 1.43179 1.43447 1.43747 1.44077 1.44436 1.44825 1.45243 1.45687 0.00000 0.00000 0.00000 0.00000 0.00000
  1.18644 1.23233 1.27195 1.28523 1.25669 1.19618 1.12221 1.06151 1.03192 1.01207 0.00000 0.00000 0.00000 0.00000 0.00000
    8   1  10   4   8 0.14335104E+01 0.11594477E+01-0.10289501E+02 0.15909555E+02-0.10549290E+04 0.30297968E+04-0.21742572E+04
  1.42564 1.42783 1.43031 1.43308 1.43615 1.43952 1.44319 1.44714 1.45137 1.45588 0.00000 0.00000 0.00000 0.00000 0.00000
  1.05250 1.09531 1.13166 1.15045 1.14306 1.10827 1.05704 1.01402 0.99119 0.97502 0.00000 0.00000 0.00000 0.00000 0.00000
   10   1   9   4   7 0.14342156E+01 0.10441749E+01-0.64079381E+01 0.10237121E+02-0.11284123E+04 0.32333486E+04-0.23151623E+04
  1.42564 1.42820 1.43106 1.43422 1.43767 1.44141 1.44544 1.44976 1.45435 1.45588 0.00000 0.00000 0.00000 0.00000 0.00000
  0.98781 1.02121 1.04100 1.04417 1.02862 1.00016 0.97390 0.95658 0.94280 0.97502 0.00000 0.00000 0.00000 0.00000 0.00000
    8   1  10   4   8 0.15186710E+01 0.12827654E+01-0.16791490E+02 0.26783514E+02-0.13203743E+04 0.40176322E+04-0.30549181E+04
  1.51200 1.51405 1.51637 1.51897 1.52187 1.52507 1.52855 1.53232 1.53637 1.54067 0.00000 0.00000 0.00000 0.00000 0.00000
  1.17604 1.22128 1.25919 1.27016 1.23939 1.17846 1.10893 1.05553 1.02884 1.00838 0.00000 0.00000 0.00000 0.00000 0.00000
    8   1  10   4   8 0.15178662E+01 0.11460625E+01-0.10091397E+02 0.16463453E+02-0.11241162E+04 0.34177413E+04-0.25966566E+04
  1.51041 1.51253 1.51493 1.51761 1.52059 1.52385 1.52740 1.53123 1.53534 1.53971 0.00000 0.00000 0.00000 0.00000 0.00000
  1.04464 1.08613 1.12100 1.13795 1.12851 1.09317 1.04561 1.00857 0.98806 0.97138 0.00000 0.00000 0.00000 0.00000 0.00000
   10   1   9   4   7 0.15187060E+01 0.10325716E+01-0.60176820E+01 0.10173163E+02-0.12119350E+04 0.36771350E+04-0.27881678E+04
  1.51040 1.51288 1.51565 1.51871 1.52205 1.52568 1.52958 1.53376 1.53821 1.53971 0.00000 0.00000 0.00000 0.00000 0.00000
  0.97989 1.01239 1.03108 1.03257 1.01666 0.99109 0.96846 0.95247 0.93897 0.97138 0.00000 0.00000 0.00000 0.00000 0.00000
    8   1  10   4   8 0.16043464E+01 0.12645752E+01-0.16455406E+02 0.27664747E+02-0.14983129E+04 0.48142497E+04-0.38659108E+04
  1.59804 1.60002 1.60226 1.60478 1.60758 1.61067 1.61405 1.61769 1.62161 1.62577 0.00000 0.00000 0.00000 0.00000 0.00000
  1.16314 1.20780 1.24422 1.25298 1.22043 1.16027 1.09618 1.04935 1.02467 1.00376 0.00000 0.00000 0.00000 0.00000 0.00000
    8   1  10   4   8 0.16036682E+01 0.11298402E+01-0.97608993E+01 0.16783084E+02-0.13207712E+04 0.42399843E+04-0.34017025E+04
  1.59649 1.59854 1.60086 1.60346 1.60633 1.60949 1.61293 1.61663 1.62060 1.62483 0.00000 0.00000 0.00000 0.00000 0.00000
  1.03439 1.07546 1.10867 1.12379 1.11267 1.07776 1.03457 1.00273 0.98385 0.96693 0.00000 0.00000 0.00000 0.00000 0.00000
    8   1  10   4   8 0.16918068E+01 0.12438840E+01-0.15897650E+02 0.28139635E+02-0.17322011E+04 0.58668427E+04-0.49663969E+04
  1.68587 1.68778 1.68994 1.69237 1.69508 1.69807 1.70133 1.70485 1.70863 1.71265 0.00000 0.00000 0.00000 0.00000 0.00000
  1.14872 1.19265 1.22718 1.23331 1.19926 1.14110 1.08357 1.04283 1.01964 0.99800 0.00000 0.00000 0.00000 0.00000 0.00000
    8   1   9   4   7 0.16914118E+01 0.11107522E+01-0.94093404E+01 0.17025821E+02-0.15902380E+04 0.53807872E+04-0.45505459E+04
  1.68437 1.68635 1.68859 1.69109 1.69387 1.69692 1.70024 1.70381 1.70765 1.71265 0.00000 0.00000 0.00000 0.00000 0.00000
  1.02288 1.06341 1.09441 1.10749 1.09516 1.06169 1.02368 0.99640 0.97852 0.99800 0.00000 0.00000 0.00000 0.00000 0.00000
    8   1   9   4   7 0.17812054E+01 0.12211767E+01-0.16593422E+02 0.30777468E+02-0.20609402E+04 0.73453244E+04-0.65435805E+04
  1.77540 1.77723 1.77932 1.78166 1.78427 1.78715 1.79029 1.79368 1.79733 1.71265 0.00000 0.00000 0.00000 0.00000 0.00000
  1.13179 1.17514 1.20743 1.21073 1.17551 1.12045 1.07019 1.03478 1.01240 0.99800 0.00000 0.00000 0.00000 0.00000 0.00000
    8   1   9   4   7 0.17810119E+01 0.10881339E+01-0.89484861E+01 0.17025494E+02-0.19083725E+04 0.67953336E+04-0.60481177E+04
  1.77395 1.77585 1.77800 1.78042 1.78310 1.78603 1.78923 1.79268 1.79637 1.71265 0.00000 0.00000 0.00000 0.00000 0.00000
  1.00940 1.04931 1.07790 1.08885 1.07548 1.04434 1.01207 0.98867 0.97144 0.99800 0.00000 0.00000 0.00000 0.00000 0.00000
    8   1   9   4   7 0.18709898E+01 0.11951650E+01-0.15808681E+02 0.30773047E+02-0.24331994E+04 0.91068566E+04-0.85199760E+04
  1.86551 1.86728 1.86929 1.87154 1.87405 1.87682 1.87984 1.88311 1.88662 1.71265 0.00000 0.00000 0.00000 0.00000 0.00000
  1.11195 1.15478 1.18494 1.18552 1.14995 1.09942 1.05651 1.02534 1.00356 0.99800 0.00000 0.00000 0.00000 0.00000 0.00000
   10   1   9   4   7 0.18703383E+01 0.10680074E+01-0.82407588E+01 0.16484098E+02-0.23006603E+04 0.86032623E+04-0.80418557E+04
  1.86412 1.86594 1.86802 1.87034 1.87291 1.87574 1.87881 1.88213 1.88568 1.71265 0.00000 0.00000 0.00000 0.00000 0.00000
  0.99341 1.03298 1.05929 1.06801 1.05430 1.02662 0.99992 0.97960 0.96298 0.99800 0.00000 0.00000 0.00000 0.00000 0.00000
    8   1   8   4   6 0.19587157E+01 0.11677625E+01-0.15736549E+02 0.31991188E+02-0.26323157E+04 0.10313185E+05-0.10100373E+05
  1.95349 1.95519 1.95712 1.95929 1.96170 1.96437 1.96727 1.97041 1.88568 1.71265 0.00000 0.00000 0.00000 0.00000 0.00000
  1.08938 1.13064 1.15906 1.15766 1.12290 1.07786 1.04151 1.01344 0.96298 0.99800 0.00000 0.00000 0.00000 0.00000 0.00000
   10   1   9   4   7 0.19581222E+01 0.10449880E+01-0.73630970E+01 0.15464871E+02-0.25074516E+04 0.98163442E+04-0.96063805E+04
  1.95214 1.95390 1.95589 1.95812 1.96060 1.96331 1.96627 1.96946 1.97287 1.71265 0.00000 0.00000 0.00000 0.00000 0.00000
  0.97440 1.01322 1.03860 1.04499 1.03192 1.00847 0.98634 0.96821 0.95263 0.99800 0.00000 0.00000 0.00000 0.00000 0.00000
    8   1   8   4   6 0.20397166E+01 0.11375491E+01-0.14676177E+02 0.31072791E+02-0.27654010E+04 0.11282225E+05-0.11506108E+05
  2.03477 2.03640 2.03826 2.04034 2.04267 2.04523 2.04803 2.05106 1.97287 1.71265 0.00000 0.00000 0.00000 0.00000 0.00000
  1.06502 1.10397 1.13026 1.12783 1.09530 1.05611 1.02535 0.99933 0.95263 0.99800 0.00000 0.00000 0.00000 0.00000 0.00000
    8   1   9   4   7 0.22503248E+01 0.10049340E+01-0.95671202E+01 0.22534061E+02-0.22314157E+04 0.10050788E+05-0.11316728E+05
  2.24605 2.24732 2.24879 2.25046 2.25233 2.25442 2.25673 2.25925 2.26197 1.71265 0.00000 0.00000 0.00000 0.00000 0.00000
  0.93021 0.96087 0.98745 1.00023 0.99046 0.96602 0.94204 0.92065 0.90030 0.99800 0.00000 0.00000 0.00000 0.00000 0.00000
   20
    8   1   8   4   6 0.30434482E+00 0.10886969E+01-0.41084193E+01 0.23390731E+01 0.21559271E+00 0.76011196E+01-0.12446339E+01
  0.29333 0.29714 0.30149 0.30640 0.31189 0.31800 0.32472 0.33202 2.26197 1.71265 0.00000 0.00000 0.00000 0.00000 0.00000
  1.00357 1.03303 1.06665 1.07747 1.06297 1.03011 1.00217 0.97895 0.90030 0.99800 0.00000 0.00000 0.00000 0.00000 0.00000
    8   1   9   4   7 0.35221517E+00 0.11306840E+01-0.50357972E+01 0.29043681E+01 0.12888332E+03-0.80494292E+02 0.13493307E+02
  0.34128 0.34495 0.34915 0.35389 0.35919 0.36509 0.37157 0.37863 0.38625 1.71265 0.00000 0.00000 0.00000 0.00000 0.00000
  1.03355 1.06272 1.10036 1.11705 1.10314 1.06558 1.03112 1.00490 0.98149 0.99800 0.00000 0.00000 0.00000 0.00000 0.00000
    8   1   9   4   7 0.40735748E+00 0.11681690E+01-0.56307816E+01 0.34619100E+01 0.37181694E+02-0.20098381E+02 0.31854604E+01
  0.39633 0.39984 0.40387 0.40842 0.41351 0.41917 0.42540 0.43218 0.43951 1.71265 0.00000 0.00000 0.00000 0.00000 0.00000
  1.06026 1.09366 1.13310 1.15402 1.14379 1.10426 1.06182 1.02973 1.00407 0.99800 0.00000 0.00000 0.00000 0.00000 0.00000
    8   1  10   4   8 0.47251744E+00 0.12068514E+01-0.64935583E+01 0.42751709E+01-0.14166796E+03 0.14270706E+03-0.34594134E+02
  0.46112 0.46446 0.46830 0.47263 0.47748 0.48287 0.48880 0.49526 0.50224 0.50972 0.00000 0.00000 0.00000 0.00000 0.00000
  1.08790 1.12656 1.16709 1.19258 1.18764 1.14790 1.09701 1.05559 1.02574 1.00512 0.00000 0.00000 0.00000 0.00000 0.00000
    8   1   9   4   7 0.47673556E+00 0.10730099E+01-0.40257142E+01 0.29922110E+01-0.46807468E+03 0.44353579E+03-0.10399376E+03
  0.46151 0.46551 0.47003 0.47507 0.48063 0.48672 0.49333 0.50045 0.50807 0.50972 0.00000 0.00000 0.00000 0.00000 0.00000
  1.00658 1.04504 1.07047 1.07724 1.06120 1.03231 1.00536 0.98500 0.96858 1.00512 0.00000 0.00000 0.00000 0.00000 0.00000
    8   1  10   4   8 0.55479158E+00 0.12473486E+01-0.84981301E+01 0.59620396E+01-0.51891518E+03 0.57808554E+03-0.15975082E+03
  0.54385 0.54745 0.55152 0.55607 0.56113 0.56671 0.57278 0.57933 0.58636 0.59384 0.00000 0.00000 0.00000 0.00000 0.00000
  1.16001 1.20246 1.23424 1.23681 1.19970 1.14127 1.08543 1.04616 1.02363 1.00339 0.00000 0.00000 0.00000 0.00000 0.00000
    8   1   9   4   7 0.55392496E+00 0.11211763E+01-0.50931615E+01 0.39424055E+01-0.42216583E+03 0.46915199E+03-0.12921947E+03
  0.54111 0.54486 0.54910 0.55382 0.55904 0.56476 0.57096 0.57765 0.58481 0.59384 0.00000 0.00000 0.00000 0.00000 0.00000
  1.03325 1.07331 1.10430 1.11605 1.10210 1.06825 1.03084 1.00381 0.98594 1.00339 0.00000 0.00000 0.00000 0.00000 0.00000
    8   1  10   4   8 0.65836569E+00 0.13024369E+01-0.10757512E+02 0.83848136E+01-0.50057269E+03 0.66374063E+03-0.21871070E+03
  0.64754 0.65083 0.65455 0.65872 0.66336 0.66847 0.67403 0.68004 0.68649 0.69334 0.00000 0.00000 0.00000 0.00000 0.00000
  1.19367 1.23918 1.27754 1.28886 1.25909 1.19974 1.12824 1.06834 1.03851 1.01968 0.00000 0.00000 0.00000 0.00000 0.00000
    8   1  10   4   8 0.65738527E+00 0.11661629E+01-0.65067894E+01 0.54436304E+01-0.45844843E+03 0.60568345E+03-0.19888026E+03
  0.64504 0.64847 0.65234 0.65666 0.66144 0.66667 0.67236 0.67848 0.68504 0.69202 0.00000 0.00000 0.00000 0.00000 0.00000
  1.06016 1.10357 1.13970 1.15782 1.15009 1.11614 1.06657 1.02342 1.00027 0.98450 0.00000 0.00000 0.00000 0.00000 0.00000
   10   1   9   4   7 0.65857181E+00 0.10537130E+01-0.40340431E+01 0.37133302E+01-0.46954881E+03 0.61619111E+03-0.20110511E+03
  0.64515 0.64917 0.65364 0.65857 0.66395 0.66978 0.67604 0.68274 0.68986 0.69202 0.00000 0.00000 0.00000 0.00000 0.00000
  0.99572 1.02964 1.04956 1.05371 1.03913 1.01142 0.98485 0.96703 0.95320 0.98450 0.00000 0.00000 0.00000 0.00000 0.00000
    8   1   9   4   7 0.79624132E+00 0.11919440E+01-0.98852822E+01 0.90630142E+01-0.73555809E+03 0.11674029E+04-0.46199847E+03
  0.78386 0.78726 0.79107 0.79527 0.79988 0.80488 0.81028 0.81606 0.82221 0.69202 0.00000 0.00000 0.00000 0.00000 0.00000
  1.12825 1.16822 1.19274 1.19328 1.16556 1.11106 1.04731 1.00776 0.99106 0.98450 0.00000 0.00000 0.00000 0.00000 0.00000
    8   1  10   4   8 0.79487205E+00 0.10834059E+01-0.55393063E+01 0.54864456E+01-0.53344173E+03 0.84536877E+03-0.33383661E+03
  0.78093 0.78446 0.78838 0.79272 0.79745 0.80257 0.80809 0.81398 0.82026 0.82689 0.00000 0.00000 0.00000 0.00000 0.00000
  1.01689 1.05331 1.07826 1.08804 1.07706 1.04542 1.00534 0.97713 0.96178 0.94819 0.00000 0.00000 0.00000 0.00000 0.00000
    8   1  10   4   8 0.92427853E+00 0.12090355E+01-0.11558540E+02 0.11892346E+02-0.93003679E+03 0.17156939E+04-0.79004808E+03
  0.91334 0.91630 0.91960 0.92326 0.92727 0.93163 0.93633 0.94137 0.94673 0.95241 0.00000 0.00000 0.00000 0.00000 0.00000
  1.13643 1.17799 1.20522 1.20963 1.18602 1.13244 1.06111 1.01125 0.99213 0.97721 0.00000 0.00000 0.00000 0.00000 0.00000
    8   1  10   4   8 0.92266160E+00 0.10998540E+01-0.68603223E+01 0.74296099E+01-0.65938492E+03 0.12153413E+04-0.55891159E+03
  0.91076 0.91382 0.91723 0.92100 0.92511 0.92957 0.93437 0.93950 0.94496 0.95075 0.00000 0.00000 0.00000 0.00000 0.00000
  1.02356 1.06101 1.08821 1.10063 1.09231 1.06100 1.01556 0.98119 0.96423 0.95085 0.00000 0.00000 0.00000 0.00000 0.00000
    8   1   9   4   7 0.92351452E+00 0.10048263E+01-0.40238267E+01 0.47208887E+01-0.48097645E+03 0.88515857E+03-0.40623722E+03
  0.91047 0.91400 0.91788 0.92211 0.92668 0.93160 0.93685 0.94244 0.94834 0.95075 0.00000 0.00000 0.00000 0.00000 0.00000
  0.96500 0.99190 1.00768 1.00882 0.99482 0.97169 0.95068 0.93644 0.92519 0.95085 0.00000 0.00000 0.00000 0.00000 0.00000
    8   1   9   4   7 0.10657963E+01 0.11886703E+01-0.12146467E+02 0.14134329E+02-0.10743363E+04 0.22853995E+04-0.12142197E+04
  1.05557 1.05839 1.06155 1.06504 1.06888 1.07304 1.07754 1.08235 1.08748 0.95075 0.00000 0.00000 0.00000 0.00000 0.00000
  1.12379 1.16416 1.18903 1.18959 1.16103 1.10464 1.04048 1.00324 0.98759 0.95085 0.00000 0.00000 0.00000 0.00000 0.00000
    8   1   9   4   7 0.10650152E+01 0.10744028E+01-0.67120335E+01 0.82228206E+01-0.80336893E+03 0.17068993E+04-0.90557214E+03
  1.05310 1.05602 1.05928 1.06287 1.06680 1.07106 1.07565 1.08056 1.08578 0.95075 0.00000 0.00000 0.00000 0.00000 0.00000
  1.01155 1.04807 1.07263 1.08210 1.07036 1.03714 0.99845 0.97245 0.95702 0.95085 0.00000 0.00000 0.00000 0.00000 0.00000
    8   1  10   4   8 0.11737089E+01 0.13397783E+01-0.16540724E+02 0.20753774E+02-0.86190986E+03 0.20323911E+04-0.11967351E+04
  1.16571 1.16802 1.17065 1.17360 1.17688 1.18049 1.18443 1.18870 1.19327 1.19813 0.00000 0.00000 0.00000 0.00000 0.00000
  1.21151 1.26004 1.30380 1.32263 1.30037 1.24379 1.16257 1.08153 1.03974 1.02144 0.00000 0.00000 0.00000 0.00000 0.00000
    8   1   9   4   7 0.11760597E+01 0.11792558E+01-0.12532174E+02 0.15917841E+02-0.11845429E+04 0.27809043E+04-0.16309695E+04
  1.16632 1.16904 1.17208 1.17545 1.17915 1.18317 1.18750 1.19214 1.19708 1.19813 0.00000 0.00000 0.00000 0.00000 0.00000
  1.11833 1.15797 1.18153 1.18011 1.14925 1.09217 1.03197 0.99950 0.98462 1.02144 0.00000 0.00000 0.00000 0.00000 0.00000
   10   1   9   4   7 0.11733522E+01 0.10739843E+01-0.68873391E+01 0.91609458E+01-0.89704540E+03 0.21034752E+04-0.12320340E+04
  1.16394 1.16675 1.16989 1.17335 1.17714 1.18125 1.18567 1.19040 1.19543 1.19813 0.00000 0.00000 0.00000 0.00000 0.00000
  1.00694 1.04281 1.06606 1.07398 1.06069 1.02743 0.99129 0.96798 0.95328 1.02144 0.00000 0.00000 0.00000 0.00000 0.00000
    8   1  10   4   8 0.12646674E+01 0.13275933E+01-0.16899285E+02 0.22699567E+02-0.94786423E+03 0.24063303E+04-0.15258813E+04
  1.25701 1.25926 1.26180 1.26466 1.26784 1.27134 1.27516 1.27930 1.28373 1.28845 0.00000 0.00000 0.00000 0.00000 0.00000
  1.20416 1.25191 1.29444 1.31140 1.28670 1.22787 1.14772 1.07341 1.03676 1.01811 0.00000 0.00000 0.00000 0.00000 0.00000
    8   1   9   4   7 0.12669083E+01 0.11674680E+01-0.12535863E+02 0.17049257E+02-0.12947619E+04 0.32746454E+04-0.20693419E+04
  1.25760 1.26024 1.26319 1.26645 1.27003 1.27393 1.27813 1.28263 1.28742 1.28845 0.00000 0.00000 0.00000 0.00000 0.00000
  1.11158 1.15018 1.17203 1.16831 1.13542 1.07920 1.02479 0.99632 0.98112 1.01811 0.00000 0.00000 0.00000 0.00000 0.00000
   10   1   9   4   7 0.12644098E+01 0.10643218E+01-0.68464315E+01 0.97255452E+01-0.98983797E+03 0.25005902E+04-0.15782243E+04
  1.25529 1.25801 1.26105 1.26441 1.26808 1.27206 1.27635 1.28093 1.28581 1.28845 0.00000 0.00000 0.00000 0.00000 0.00000
  1.00143 1.03640 1.05807 1.06432 1.04975 1.01746 0.98465 0.96373 0.94939 1.01811 0.00000 0.00000 0.00000 0.00000 0.00000
    8   1  10   4   8 0.13502066E+01 0.13136124E+01-0.17024239E+02 0.24299853E+02-0.10484736E+04 0.28397127E+04-0.19214572E+04
  1.34288 1.34506 1.34753 1.35030 1.35338 1.35679 1.36049 1.36450 1.36881 1.37338 0.00000 0.00000 0.00000 0.00000 0.00000
  1.19581 1.24262 1.28362 1.29856 1.27161 1.21138 1.13377 1.06647 1.03389 1.01466 0.00000 0.00000 0.00000 0.00000 0.00000
    8   1  10   4   8 0.13494779E+01 0.11707253E+01-0.10418910E+02 0.15230814E+02-0.10150545E+04 0.27445722E+04-0.18540626E+04
  1.34120 1.34345 1.34601 1.34887 1.35204 1.35551 1.35929 1.36336 1.36773 1.37238 0.00000 0.00000 0.00000 0.00000 0.00000
  1.05980 1.10380 1.14119 1.16136 1.15552 1.12119 1.06700 1.01854 0.99334 0.97762 0.00000 0.00000 0.00000 0.00000 0.00000
   10   1   9   4   7 0.13500461E+01 0.10540165E+01-0.66776796E+01 0.10072624E+02-0.10610570E+04 0.28618806E+04-0.19287116E+04
  1.34120 1.34384 1.34679 1.35005 1.35361 1.35747 1.36162 1.36607 1.37081 1.37238 0.00000 0.00000 0.00000 0.00000 0.00000
  0.99487 1.02896 1.04950 1.05402 1.03859 1.00797 0.97857 0.95968 0.94563 0.97762 0.00000 0.00000 0.00000 0.00000 0.00000
    8   1  10   4   8 0.14342618E+01 0.12979101E+01-0.16952959E+02 0.25612892E+02-0.11567941E+04 0.33262126E+04-0.23897126E+04
  1.42728 1.42939 1.43179 1.43447 1.43747 1.44077 1.44436 1.44825 1.45243 1.45687 0.00000 0.00000 0.00000 0.00000 0.00000
  1.18625 1.23195 1.27125 1.28405 1.25486 1.19373 1.11991 1.06030 1.03131 1.01129 0.00000 0.00000 0.00000 0.00000 0.00000
    8   1  10   4   8 0.14334798E+01 0.11581577E+01-0.10289158E+02 0.15907458E+02-0.10599636E+04 0.30440807E+04-0.21843888E+04
  1.42564 1.42783 1.43031 1.43308 1.43615 1.43952 1.44319 1.44714 1.45137 1.45588 0.00000 0.00000 0.00000 0.00000 0.00000
  1.05224 1.09487 1.13096 1.14935 1.14138 1.10605 1.05504 1.01300 0.99062 0.97425 0.00000 0.00000 0.00000 0.00000 0.00000
   10   1   9   4   7 0.14342156E+01 0.10426885E+01-0.63277692E+01 0.10120246E+02-0.11334429E+04 0.32476245E+04-0.23252907E+04
  1.42564 1.42820 1.43106 1.43422 1.43767 1.44141 1.44544 1.44976 1.45435 1.45588 0.00000 0.00000 0.00000 0.00000 0.00000
  0.98732 1.02051 1.04000 1.04269 1.02652 0.99863 0.97319 0.95585 0.94200 0.97425 0.00000 0.00000 0.00000 0.00000 0.00000
    8   1  10   4   8 0.15186491E+01 0.12812932E+01-0.16790182E+02 0.26779688E+02-0.13299487E+04 0.40465129E+04-0.30766976E+04
  1.51200 1.51405 1.51637 1.51897 1.52187 1.52507 1.52855 1.53232 1.53637 1.54067 0.00000 0.00000 0.00000 0.00000 0.00000
  1.17563 1.22068 1.25828 1.26879 1.23744 1.17609 1.10680 1.05419 1.02785 1.00726 0.00000 0.00000 0.00000 0.00000 0.00000
    8   1  10   4   8 0.15178459E+01 0.11446378E+01-0.10091614E+02 0.16462152E+02-0.11317458E+04 0.34407259E+04-0.26139674E+04
  1.51041 1.51253 1.51493 1.51761 1.52059 1.52385 1.52740 1.53123 1.53534 1.53971 0.00000 0.00000 0.00000 0.00000 0.00000
  1.04422 1.08554 1.12014 1.13670 1.12678 1.09110 1.04374 1.00733 0.98709 0.97031 0.00000 0.00000 0.00000 0.00000 0.00000
    8   1  10   4   8 0.16043205E+01 0.12627138E+01-0.16425235E+02 0.27614055E+02-0.15109534E+04 0.48545666E+04-0.38980591E+04
  1.59804 1.60002 1.60226 1.60478 1.60758 1.61067 1.61405 1.61769 1.62161 1.62577 0.00000 0.00000 0.00000 0.00000 0.00000
  1.16248 1.20691 1.24298 1.25121 1.21808 1.15761 1.09395 1.04793 1.02350 1.00253 0.00000 0.00000 0.00000 0.00000 0.00000
    8   1  10   4   8 0.16036465E+01 0.11280829E+01-0.97397345E+01 0.16747174E+02-0.13310852E+04 0.42728447E+04-0.34278765E+04
  1.59649 1.59854 1.60086 1.60346 1.60633 1.60949 1.61293 1.61663 1.62060 1.62483 0.00000 0.00000 0.00000 0.00000 0.00000
  1.03375 1.07464 1.10753 1.12222 1.11062 1.07546 1.03262 1.00140 0.98273 0.96575 0.00000 0.00000 0.00000 0.00000 0.00000
    8   1  10   4   8 0.16917787E+01 0.12416233E+01-0.15827182E+02 0.28017712E+02-0.17512693E+04 0.59310476E+04-0.50204438E+04
  1.68587 1.68778 1.68994 1.69237 1.69508 1.69807 1.70133 1.70485 1.70863 1.71265 0.00000 0.00000 0.00000 0.00000 0.00000
  1.14781 1.19151 1.22560 1.23112 1.19655 1.13833 1.08145 1.04139 1.01829 0.99667 0.00000 0.00000 0.00000 0.00000 0.00000
    8   1   9   4   7 0.16914164E+01 0.11085825E+01-0.94041171E+01 0.17014861E+02-0.16064109E+04 0.54351910E+04-0.45962986E+04
  1.68437 1.68635 1.68859 1.69109 1.69387 1.69692 1.70024 1.70381 1.70765 1.71265 0.00000 0.00000 0.00000 0.00000 0.00000
  1.02206 1.06238 1.09297 1.10560 1.09285 1.05931 1.02183 0.99505 0.97723 0.99667 0.00000 0.00000 0.00000 0.00000 0.00000
    8   1   9   4   7 0.17811877E+01 0.12186365E+01-0.16533655E+02 0.30668179E+02-0.20822662E+04 0.74209426E+04-0.66106137E+04
  1.77540 1.77723 1.77932 1.78166 1.78427 1.78715 1.79029 1.79368 1.79733 1.71265 0.00000 0.00000 0.00000 0.00000 0.00000
  1.13064 1.17373 1.20554 1.20823 1.17258 1.11768 1.06817 1.03331 1.01097 0.99667 0.00000 0.00000 0.00000 0.00000 0.00000
    8   1   9   4   7 0.17810383E+01 0.10855452E+01-0.89029459E+01 0.16942033E+02-0.19248029E+04 0.68535270E+04-0.60996464E+04
  1.77395 1.77585 1.77800 1.78042 1.78310 1.78603 1.78923 1.79268 1.79637 1.71265 0.00000 0.00000 0.00000 0.00000 0.00000
  1.00841 1.04806 1.07623 1.08670 1.07299 1.04200 1.01030 0.98728 0.97009 0.99667 0.00000 0.00000 0.00000 0.00000 0.00000
    8   1   9   4   7 0.18709618E+01 0.11926559E+01-0.15716951E+02 0.30598472E+02-0.24260657E+04 0.90800093E+04-0.84947194E+04
  1.86551 1.86728 1.86929 1.87154 1.87405 1.87682 1.87984 1.88311 1.88662 1.71265 0.00000 0.00000 0.00000 0.00000 0.00000
  1.11055 1.15299 1.18276 1.18285 1.14705 1.09681 1.05457 1.02378 1.00203 0.99667 0.00000 0.00000 0.00000 0.00000 0.00000
   10   1   9   4   7 0.18703383E+01 0.10657657E+01-0.81739848E+01 0.16356791E+02-0.22978093E+04 0.85924775E+04-0.80316598E+04
  1.86412 1.86594 1.86802 1.87034 1.87291 1.87574 1.87881 1.88213 1.88568 1.71265 0.00000 0.00000 0.00000 0.00000 0.00000
  0.99218 1.03147 1.05749 1.06577 1.05186 1.02445 0.99820 0.97812 0.96156 0.99667 0.00000 0.00000 0.00000 0.00000 0.00000
    8   1   8   4   6 0.19587036E+01 0.11650709E+01-0.15662445E+02 0.31843157E+02-0.26330846E+04 0.10315966E+05-0.10102874E+05
  1.95349 1.95519 1.95712 1.95929 1.96170 1.96437 1.96727 1.97041 1.88568 1.71265 0.00000 0.00000 0.00000 0.00000 0.00000
  1.08788 1.12877 1.15674 1.15491 1.12007 1.07548 1.03966 1.01182 0.96156 0.99667 0.00000 0.00000 0.00000 0.00000 0.00000
   10   1   9   4   7 0.19581222E+01 0.10427367E+01-0.72840807E+01 0.15307779E+02-0.25089801E+04 0.98221589E+04-0.96119080E+04
  1.95214 1.95390 1.95589 1.95812 1.96060 1.96331 1.96627 1.96946 1.97287 1.71265 0.00000 0.00000 0.00000 0.00000 0.00000
  0.97313 1.01168 1.03673 1.04274 1.02961 1.00646 0.98469 0.96671 0.95121 0.99667 0.00000 0.00000 0.00000 0.00000 0.00000
    8   1   8   4   6 0.20397103E+01 0.11348408E+01-0.14568475E+02 0.30850310E+02-0.27521988E+04 0.11228196E+05-0.11450834E+05
  2.03477 2.03640 2.03826 2.04034 2.04267 2.04523 2.04803 2.05106 1.97287 1.71265 0.00000 0.00000 0.00000 0.00000 0.00000
  1.06349 1.10198 1.12784 1.12515 1.09272 1.05395 1.02355 0.99770 0.95121 0.99667 0.00000 0.00000 0.00000 0.00000 0.00000
