                                         ****************************************                                        
                     ********************************************************************************                    
           ****************************************************************************************************          
 ************************************************************************************************************************

       FFFFF      1       333     77777         WAVE DRAG CALCULATION BY FLOW-FIELD ANALYSIS INCORPORATING FULL          
       F         11      3   3        7         ---------------------------------------------------------------          
       F          1          3        7                       ASSESSMENT  OF  3-D SWEEP EFFECTS                          
       FFFF       1        33        7                        ---------------------------------                          
       F          1          3      7                                                                                    
       F          1      3   3     7                  S.E.ALLWRIGHT, Research Department, B.Ae. HATFIELD                 
       F         111      333      7     Issue 2.0                                                                       
                                         09/09/85                                                                        
 ************************************************************************************************************************
           ****************************************************************************************************          
                     ********************************************************************************                    
                                         ****************************************                                        


    DETAILS OF FLOW CALCULATION :-
    ---------------------------


  Calculation method  : SHORTS VISCOUS FULL POTENTIAL

            Mach No.  =   0.650
           Incidence  =   1.5000
       Reynolds No.  =    5726536.31
               LAMDA  =   0.25

                 CLT  =  0.52340
                 CDT  =  0.01628
              ERRMAX  = -0.000010

            Grid size  L, M, N  =  22, 38, 162
     Last station on wing, MTIP =   30
    Ordinates of wing tip, YTIP =  3.22920
                            XLE =  2.26111
                            XTE =  2.55511

      Reference wing area, AREA =  3.45672

     Reference wing chord, CBAR =  0.53523
  1)  UPPER SURFACE FLOW FIELD ANALYSIS                                              
     ----------------------------------

                                                +-----------+--------------+            
 +----------------------------------------------| EXTENT OF | IDENTITY AND +-----------------------+-------------------------------+
 |         PLANFORM GEOMETRY DETAILS            |  SHOCK    | CREDIBILITY  | SURFACE SHOCK DETAILS |      DRAG COEFFS (*1.0E4)     |
 +----+------+------+------+------+------+------+-----+-----+-------+------+-------+-------+-------+-------+-------+-------+-------+
 |  K |  ETA |    Y |  XLE |CHORD |C/CBAR| CLL  | BEG | END | IDENT | CRED |   X/c | M(loc)|Rel.SWP| LOCK  |  CDW  |CDWC/CB| CDWTOT|
 +----+------+------+------+------+------+------+-----+-----+-------+------+-------+-------+-------+-------+-------+-------+-------+

    1  0.0612 0.1977 0.1523 0.9096 1.6994 0.4331
    2  0.0742 0.2396 0.1678 0.9073 1.6951 0.4426
    3  0.0890 0.2875 0.2013 0.8887 1.6605 0.4580
    4  0.1058 0.3417 0.2393 0.8677 1.6212 0.4735
    5  0.1248 0.4029 0.2821 0.8441 1.5770 0.4902    1     1     1      GOOD   0.026   1.088  26.653   0.000   0.000   0.000   0.000
    6  0.1462 0.4721 0.3306 0.8172 1.5269 0.5075    1     1     1      GOOD   0.026   1.130  25.631   0.000   0.001   0.002   0.000
    7  0.1708 0.5515 0.3862 0.7865 1.4695 0.5257    1     1     1      GOOD   0.027   1.167  28.318   0.000   0.005   0.007   0.000
    8  0.1997 0.6449 0.4515 0.7504 1.4020 0.5452    1     2     1      GOOD   0.028   1.206  26.557   0.019   0.096   0.135   0.004
    9  0.2352 0.7595 0.5318 0.7060 1.3191 0.5664    1     2     1      GOOD   0.033   1.246  23.687   0.218   0.548   0.722   0.030
   10  0.2815 0.9091 0.6366 0.6481 1.2108 0.5895    1     3     1      GOOD   0.034   1.301  21.727   0.843   1.749   2.117   0.113
   11  0.3421 1.1047 0.7735 0.5724 1.0694 0.6100    2     3     1      GOOD   0.040   1.191  21.147   0.000   0.671   0.717   0.042
   12  0.4000 1.2917 0.9044 0.5000 0.9342 0.6147    2     4     1      GOOD   0.040   1.208  20.441   0.000   1.126   1.051   0.064
   13  0.4631 1.4954 1.0471 0.4783 0.8937 0.5877    2     3     1      GOOD   0.039   1.188  20.291   0.000   0.747   0.668   0.037
   14  0.5122 1.6540 1.1582 0.4615 0.8622 0.5807    2     3     1      GOOD   0.039   1.179  20.587   0.000   0.574   0.495   0.022
   15  0.5527 1.7848 1.2497 0.4476 0.8362 0.5741    1     3     1      GOOD   0.033   1.328  19.994   2.784   2.944   2.462   0.097
   16  0.5908 1.9077 1.3358 0.4345 0.8118 0.5674    1     3     1      GOOD   0.033   1.314  20.336   1.198   2.494   2.024   0.076
   17  0.6282 2.0286 1.4204 0.4216 0.7878 0.5603    1     3     1      GOOD   0.033   1.299  20.759   0.926   1.975   1.556   0.058
   18  0.6658 2.1499 1.5054 0.4087 0.7637 0.5523    1     3     1      GOOD   0.032   1.283  21.331   0.665   1.472   1.124   0.043
   19  0.7039 2.2731 1.5917 0.3957 0.7392 0.5430    1     2     1      GOOD   0.032   1.265  21.893   0.445   1.039   0.768   0.030
   20  0.7429 2.3989 1.6797 0.3823 0.7142 0.5320    1     2     1      GOOD   0.032   1.244  22.564   0.259   0.668   0.477   0.019
   21  0.7826 2.5271 1.7695 0.3686 0.6888 0.5185    1     2     1      GOOD   0.032   1.221  23.242   0.124   0.387   0.267   0.011
   22  0.8225 2.6561 1.8598 0.3549 0.6631 0.5012    1     2     1      GOOD   0.031   1.195  24.382   0.038   0.158   0.105   0.004
   23  0.8616 2.7821 1.9481 0.3415 0.6381 0.4790    1     2     1      GOOD   0.031   1.168  25.968   0.004   0.030   0.019   0.001
   24  0.8976 2.8985 2.0295 0.3292 0.6150 0.4495    1     1     1      GOOD   0.031   1.138  28.008   0.000   0.000   0.000   0.000
   25  0.9286 2.9986 2.0996 0.3185 0.5951 0.4111
   26  0.9538 3.0801 2.1567 0.3099 0.5789 0.3631
   27  0.9743 3.1464 2.2031 0.3028 0.5658 0.3032
   28  0.9918 3.2029 2.2427 0.2968 0.5545 0.2227    1     1     2      GOOD   0.026   1.005  38.638   0.000   0.000   0.000   0.000


  Total wave drag for block is CDW(tot) =   0.651
  -----------------------------------------------


 LOCK approximate estimate for CDW(tot) =   0.266
 ------------------------------------------------
  2)  LOWER SURFACE FLOW FIELD ANALYSIS                                              
     ----------------------------------

                                                +-----------+--------------+            
 +----------------------------------------------| EXTENT OF | IDENTITY AND +-----------------------+-------------------------------+
 |         PLANFORM GEOMETRY DETAILS            |  SHOCK    | CREDIBILITY  | SURFACE SHOCK DETAILS |      DRAG COEFFS (*1.0E4)     |
 +----+------+------+------+------+------+------+-----+-----+-------+------+-------+-------+-------+-------+-------+-------+-------+
 |  K |  ETA |    Y |  XLE |CHORD |C/CBAR| CLL  | BEG | END | IDENT | CRED |   X/c | M(loc)|Rel.SWP| LOCK  |  CDW  |CDWC/CB| CDWTOT|
 +----+------+------+------+------+------+------+-----+-----+-------+------+-------+-------+-------+-------+-------+-------+-------+

    1  0.0612 0.1977 0.1523 0.9096 1.6994 0.4331
    2  0.0742 0.2396 0.1678 0.9073 1.6951 0.4426
    3  0.0890 0.2875 0.2013 0.8887 1.6605 0.4580
    4  0.1058 0.3417 0.2393 0.8677 1.6212 0.4735
    5  0.1248 0.4029 0.2821 0.8441 1.5770 0.4902
    6  0.1462 0.4721 0.3306 0.8172 1.5269 0.5075
    7  0.1708 0.5515 0.3862 0.7865 1.4695 0.5257
    8  0.1997 0.6449 0.4515 0.7504 1.4020 0.5452
    9  0.2352 0.7595 0.5318 0.7060 1.3191 0.5664
   10  0.2815 0.9091 0.6366 0.6481 1.2108 0.5895
   11  0.3421 1.1047 0.7735 0.5724 1.0694 0.6100
   12  0.4000 1.2917 0.9044 0.5000 0.9342 0.6147
   13  0.4631 1.4954 1.0471 0.4783 0.8937 0.5877
   14  0.5122 1.6540 1.1582 0.4615 0.8622 0.5807
   15  0.5527 1.7848 1.2497 0.4476 0.8362 0.5741
   16  0.5908 1.9077 1.3358 0.4345 0.8118 0.5674
   17  0.6282 2.0286 1.4204 0.4216 0.7878 0.5603
   18  0.6658 2.1499 1.5054 0.4087 0.7637 0.5523
   19  0.7039 2.2731 1.5917 0.3957 0.7392 0.5430
   20  0.7429 2.3989 1.6797 0.3823 0.7142 0.5320
   21  0.7826 2.5271 1.7695 0.3686 0.6888 0.5185
   22  0.8225 2.6561 1.8598 0.3549 0.6631 0.5012
   23  0.8616 2.7821 1.9481 0.3415 0.6381 0.4790
   24  0.8976 2.8985 2.0295 0.3292 0.6150 0.4495
   25  0.9286 2.9986 2.0996 0.3185 0.5951 0.4111
   26  0.9538 3.0801 2.1567 0.3099 0.5789 0.3631
   27  0.9743 3.1464 2.2031 0.3028 0.5658 0.3032
   28  0.9918 3.2029 2.2427 0.2968 0.5545 0.2227


  Total wave drag for block is CDW(tot) =   0.000
  -----------------------------------------------


 LOCK approximate estimate for CDW(tot) =   0.000
 ------------------------------------------------
                                         ****************************************                                        
                     ********************************************************************************                    
           ****************************************************************************************************          
 ************************************************************************************************************************

       FFFFF      1       333     77777         WAVE DRAG CALCULATION BY FLOW-FIELD ANALYSIS INCORPORATING FULL          
       F         11      3   3        7         ---------------------------------------------------------------          
       F          1          3        7                       ASSESSMENT  OF  3-D SWEEP EFFECTS                          
       FFFF       1        33        7                        ---------------------------------                          
       F          1          3      7                                                                                    
       F          1      3   3     7                  S.E.ALLWRIGHT, Research Department, B.Ae. HATFIELD                 
       F         111      333      7     Issue 2.0                                                                       
                                         09/09/85                                                                        
 ************************************************************************************************************************
           ****************************************************************************************************          
                     ********************************************************************************                    
                                         ****************************************                                        


    DETAILS OF FLOW CALCULATION :-
    ---------------------------


  Calculation method  : SHORTS VISCOUS FULL POTENTIAL

            Mach No.  =   0.650
           Incidence  =   1.5000
       Reynolds No.  =    5726536.31
               LAMDA  =   0.25

                 CLT  =  0.52041
                 CDT  =  0.01610
              ERRMAX  = -0.000004

            Grid size  L, M, N  =  22, 38, 162
     Last station on wing, MTIP =   30
    Ordinates of wing tip, YTIP =  3.22920
                            XLE =  2.26111
                            XTE =  2.55511

      Reference wing area, AREA =  3.45672

     Reference wing chord, CBAR =  0.53523
  1)  UPPER SURFACE FLOW FIELD ANALYSIS                                              
     ----------------------------------

                                                +-----------+--------------+            
 +----------------------------------------------| EXTENT OF | IDENTITY AND +-----------------------+-------------------------------+
 |         PLANFORM GEOMETRY DETAILS            |  SHOCK    | CREDIBILITY  | SURFACE SHOCK DETAILS |      DRAG COEFFS (*1.0E4)     |
 +----+------+------+------+------+------+------+-----+-----+-------+------+-------+-------+-------+-------+-------+-------+-------+
 |  K |  ETA |    Y |  XLE |CHORD |C/CBAR| CLL  | BEG | END | IDENT | CRED |   X/c | M(loc)|Rel.SWP| LOCK  |  CDW  |CDWC/CB| CDWTOT|
 +----+------+------+------+------+------+------+-----+-----+-------+------+-------+-------+-------+-------+-------+-------+-------+

    1  0.0612 0.1977 0.1523 0.9096 1.6994 0.4334
    2  0.0742 0.2396 0.1678 0.9073 1.6951 0.4428
    3  0.0890 0.2875 0.2013 0.8887 1.6605 0.4582
    4  0.1058 0.3417 0.2393 0.8677 1.6212 0.4736
    5  0.1248 0.4029 0.2821 0.8441 1.5770 0.4902    1     1     1      GOOD   0.026   1.089  26.589   0.000   0.000   0.000   0.000
    6  0.1462 0.4721 0.3306 0.8172 1.5269 0.5074    1     1     1      GOOD   0.026   1.131  25.582   0.000   0.002   0.002   0.000
    7  0.1708 0.5515 0.3862 0.7865 1.4695 0.5256    1     1     1      GOOD   0.027   1.168  28.299   0.000   0.005   0.007   0.000
    8  0.1997 0.6449 0.4515 0.7504 1.4020 0.5450    1     2     1      GOOD   0.028   1.207  26.518   0.020   0.100   0.140   0.005
    9  0.2352 0.7595 0.5318 0.7060 1.3191 0.5660    1     2     1      GOOD   0.033   1.247  23.654   0.225   0.562   0.741   0.030
   10  0.2815 0.9091 0.6366 0.6481 1.2108 0.5890    1     3     1      GOOD   0.034   1.302  21.683   0.864   1.789   2.166   0.116
   11  0.3421 1.1047 0.7735 0.5724 1.0694 0.6089    2     3     1      GOOD   0.040   1.192  21.088   0.000   0.698   0.747   0.044
   12  0.4000 1.2917 0.9044 0.5000 0.9342 0.6117    2     4     1      GOOD   0.040   1.209  20.362   0.000   1.171   1.094   0.066
   13  0.4631 1.4954 1.0471 0.4783 0.8937 0.5824    2     3     1      GOOD   0.039   1.189  20.229   0.000   0.767   0.685   0.038
   14  0.5122 1.6540 1.1582 0.4615 0.8622 0.5747    1     3     1      GOOD   0.034   1.340  19.718   3.291   3.483   3.003   0.135
   15  0.5527 1.7848 1.2497 0.4476 0.8362 0.5676    1     3     1      GOOD   0.033   1.328  19.985   2.791   2.945   2.463   0.097
   16  0.5908 1.9077 1.3358 0.4345 0.8118 0.5606    1     3     1      GOOD   0.033   1.314  20.338   1.191   2.476   2.010   0.076
   17  0.6282 2.0286 1.4204 0.4216 0.7878 0.5532    1     3     1      GOOD   0.033   1.298  20.900   0.893   1.908   1.503   0.056
   18  0.6658 2.1499 1.5054 0.4087 0.7637 0.5449    1     2     1      GOOD   0.032   1.281  21.399   0.643   1.428   1.090   0.041
   19  0.7039 2.2731 1.5917 0.3957 0.7392 0.5354    1     2     1      GOOD   0.032   1.263  21.964   0.425   0.998   0.738   0.028
   20  0.7429 2.3989 1.6797 0.3823 0.7142 0.5241    1     2     1      GOOD   0.032   1.242  22.672   0.241   0.630   0.450   0.018
   21  0.7826 2.5271 1.7695 0.3686 0.6888 0.5105    1     2     1      GOOD   0.032   1.219  23.382   0.112   0.357   0.246   0.010
   22  0.8225 2.6561 1.8598 0.3549 0.6631 0.4935    1     2     1      GOOD   0.031   1.193  24.580   0.032   0.139   0.092   0.004
   23  0.8616 2.7821 1.9481 0.3415 0.6381 0.4718    1     2     1      GOOD   0.031   1.165  26.189   0.003   0.023   0.015   0.001
   24  0.8976 2.8985 2.0295 0.3292 0.6150 0.4433    1     1     1      GOOD   0.031   1.135  28.265   0.000   0.000   0.000   0.000
   25  0.9286 2.9986 2.0996 0.3185 0.5951 0.4059
   26  0.9538 3.0801 2.1567 0.3099 0.5789 0.3587
   27  0.9743 3.1464 2.2031 0.3028 0.5658 0.2994
   28  0.9918 3.2029 2.2427 0.2968 0.5545 0.2193


  Total wave drag for block is CDW(tot) =   0.765
  -----------------------------------------------


 LOCK approximate estimate for CDW(tot) =   0.392
 ------------------------------------------------
  2)  LOWER SURFACE FLOW FIELD ANALYSIS                                              
     ----------------------------------

                                                +-----------+--------------+            
 +----------------------------------------------| EXTENT OF | IDENTITY AND +-----------------------+-------------------------------+
 |         PLANFORM GEOMETRY DETAILS            |  SHOCK    | CREDIBILITY  | SURFACE SHOCK DETAILS |      DRAG COEFFS (*1.0E4)     |
 +----+------+------+------+------+------+------+-----+-----+-------+------+-------+-------+-------+-------+-------+-------+-------+
 |  K |  ETA |    Y |  XLE |CHORD |C/CBAR| CLL  | BEG | END | IDENT | CRED |   X/c | M(loc)|Rel.SWP| LOCK  |  CDW  |CDWC/CB| CDWTOT|
 +----+------+------+------+------+------+------+-----+-----+-------+------+-------+-------+-------+-------+-------+-------+-------+

    1  0.0612 0.1977 0.1523 0.9096 1.6994 0.4334
    2  0.0742 0.2396 0.1678 0.9073 1.6951 0.4428
    3  0.0890 0.2875 0.2013 0.8887 1.6605 0.4582
    4  0.1058 0.3417 0.2393 0.8677 1.6212 0.4736
    5  0.1248 0.4029 0.2821 0.8441 1.5770 0.4902
    6  0.1462 0.4721 0.3306 0.8172 1.5269 0.5074
    7  0.1708 0.5515 0.3862 0.7865 1.4695 0.5256
    8  0.1997 0.6449 0.4515 0.7504 1.4020 0.5450
    9  0.2352 0.7595 0.5318 0.7060 1.3191 0.5660
   10  0.2815 0.9091 0.6366 0.6481 1.2108 0.5890
   11  0.3421 1.1047 0.7735 0.5724 1.0694 0.6089
   12  0.4000 1.2917 0.9044 0.5000 0.9342 0.6117
   13  0.4631 1.4954 1.0471 0.4783 0.8937 0.5824
   14  0.5122 1.6540 1.1582 0.4615 0.8622 0.5747
   15  0.5527 1.7848 1.2497 0.4476 0.8362 0.5676
   16  0.5908 1.9077 1.3358 0.4345 0.8118 0.5606
   17  0.6282 2.0286 1.4204 0.4216 0.7878 0.5532
   18  0.6658 2.1499 1.5054 0.4087 0.7637 0.5449
   19  0.7039 2.2731 1.5917 0.3957 0.7392 0.5354
   20  0.7429 2.3989 1.6797 0.3823 0.7142 0.5241
   21  0.7826 2.5271 1.7695 0.3686 0.6888 0.5105
   22  0.8225 2.6561 1.8598 0.3549 0.6631 0.4935
   23  0.8616 2.7821 1.9481 0.3415 0.6381 0.4718
   24  0.8976 2.8985 2.0295 0.3292 0.6150 0.4433
   25  0.9286 2.9986 2.0996 0.3185 0.5951 0.4059
   26  0.9538 3.0801 2.1567 0.3099 0.5789 0.3587
   27  0.9743 3.1464 2.2031 0.3028 0.5658 0.2994
   28  0.9918 3.2029 2.2427 0.2968 0.5545 0.2193


  Total wave drag for block is CDW(tot) =   0.000
  -----------------------------------------------


 LOCK approximate estimate for CDW(tot) =   0.000
 ------------------------------------------------
