  1.0000E+00  1.0000E+01  9.5000E-01  1.0000E-30  1.0000E-30  1.0000E-30  1.0000E-30  1.0000E-30  1.0000E-30  1.0000E-30
  1.0000E-30  1.0000E-30  1.0000E-30  1.0000E-30  1.0000E-30  1.0000E-30  1.0000E-30  1.0000E-30  1.0000E-30  1.0000E-30
  1.0000E-30  1.0000E-30 -4.0000E+00 -2.0000E+00  0.0000E+00  2.0000E+00  4.0000E+00  6.0000E+00  8.0000E+00  1.0000E+01
  1.2000E+01  1.4000E+01  1.0000E-30  1.0000E-30  1.0000E-30  1.0000E-30  1.0000E-30  1.0000E-30  1.0000E-30  1.0000E-30
  1.0000E-30  1.0000E-30  1.0000E-30  1.0000E-30  1.0000E-30  1.0000E-30  1.0000E-30  1.0000E-30  1.0000E-30  1.0000E-30
  1.0000E-30  1.0000E-30  1.0000E-30  1.0000E-30  1.0000E-30  1.0000E-30  1.0000E-30  1.0000E-30  1.0000E-30  1.0000E-30
  1.0000E-30  1.0000E-30  1.0000E-30  1.0000E-30  1.0000E-30  1.0000E-30  1.0000E-30  1.0000E-30  1.0000E-30  1.0000E-30
  1.0000E-30  1.0000E-30  1.0000E-30  3.5722E+02  1.0000E-30  1.0000E-30  1.0000E-30  1.0000E-30  1.0000E-30  1.0000E-30
  1.0000E-30  1.0000E-30  1.0000E-30  1.0000E-30  1.0000E-30  1.0000E-30  1.0000E-30  1.0000E-30  1.0000E-30  1.0000E-30
  1.0000E-30  1.0000E-30  1.0000E-30  6.0000E-01  1.4000E+00  0.0000E+00  4.2000E+04  1.0000E-30  1.0000E-30  1.0000E-30
  1.0000E-30  1.0000E-30  1.0000E-30  1.0000E-30  1.0000E-30  1.0000E-30  1.0000E-30  1.0000E-30  1.0000E-30  1.0000E-30
  1.0000E-30  1.0000E-30  1.0000E-30  1.0000E-30  1.0000E-30  1.0000E-30  3.8997E+02  1.0000E-30  1.0000E-30  1.0000E-30
  1.0000E-30  1.0000E-30  1.0000E-30  1.0000E-30  1.0000E-30  1.0000E-30  1.0000E-30  1.0000E-30  1.0000E-30  1.0000E-30
  1.0000E-30  1.0000E-30  1.0000E-30  1.0000E-30  1.0000E-30  1.0000E-30  1.0000E-30  1.0000E-30  1.0000E-30  1.0000E-30
  1.0000E-30  1.0000E-30  1.0000E-30  1.0000E-30  1.0000E-30  1.0000E-30  1.0000E-30  1.0000E-30  1.0000E-30  1.0000E-30
  1.0000E-30  1.0000E-30  1.0000E-30  1.0000E-30  1.0000E-30  1.0000E-30  7.7160E+03  1.0000E-30  1.0000E+00  1.0000E+00
  1.1170E+01  3.6300E+00  4.2000E-01  1.0000E+00  0.0000E+00  2.8730E+01  5.2400E+00  0.0000E+00  1.8300E+01  1.4013E-45
  1.0000E-30  1.0000E-30  1.0000E+00  0.0000E+00  1.0000E-30  1.0000E-30  1.0000E-30  1.0000E-30  1.0000E-30
  2.4300E+02  9.0649E+00  1.6000E-04  3.1420E+01
  T  T  T  T  T  T  T  T  T  T  T  F  F  F  F  F  F  T  F  F  F  F  F  F  F  F  T  F  F  F  F  F  F  T
  6.3092E-03  6.2330E-03  6.2076E-03  6.2330E-03  6.3092E-03  6.4362E-03  6.6141E-03  6.8428E-03  7.1222E-03  7.4525E-03
  1.0000E-30  1.0000E-30  1.0000E-30  1.0000E-30  1.0000E-30  1.0000E-30  1.0000E-30  1.0000E-30  1.0000E-30  1.0000E-30
  1.0000E-30 -1.0000E-30 -1.0000E-30 -1.0000E-30 -1.0000E-30 -1.0000E-30 -1.0000E-30 -1.0000E-30 -1.0000E-30 -1.0000E-30
  1.0000E-30  1.0000E-30  1.0000E-30  1.0000E-30  1.0000E-30  1.0000E-30  1.0000E-30  1.0000E-30  1.0000E-30  1.0000E-30
  1.0000E-30 -1.0000E-30 -1.0000E-30 -1.0000E-30 -1.0000E-30 -1.0000E-30 -1.0000E-30 -1.0000E-30 -1.0000E-30 -1.0000E-30
  1.0000E-30  1.0000E-30  1.0000E-30  1.0000E-30  1.0000E-30  1.0000E-30  1.0000E-30  1.0000E-30  1.0000E-30  1.0000E-30
  1.0000E-30 -1.0000E-30 -1.0000E-30 -1.0000E-30 -1.0000E-30 -1.0000E-30 -1.0000E-30 -1.0000E-30 -1.0000E-30 -1.0000E-30
  1.0000E-30  1.0000E-30  1.0000E-30  1.0000E-30  1.0000E-30  1.0000E-30  1.0000E-30  1.0000E-30  1.0000E-30  1.0000E-30
  1.0000E-30 -1.0000E-30 -1.0000E-30 -1.0000E-30 -1.0000E-30 -1.0000E-30 -1.0000E-30 -1.0000E-30 -1.0000E-30 -1.0000E-30
  1.0000E-30  1.0000E-30  1.0000E-30  1.0000E-30  1.0000E-30  1.0000E-30  1.0000E-30  1.0000E-30  1.0000E-30  1.0000E-30
         NaN -1.0000E-30 -1.0000E-30 -1.0000E-30 -1.0000E-30 -1.0000E-30 -1.0000E-30 -1.0000E-30 -1.0000E-30 -1.0000E-30
  1.0000E-30  1.0000E-30  1.0000E-30  1.0000E-30  1.0000E-30  1.0000E-30  1.0000E-30  1.0000E-30  1.0000E-30  1.0000E-30
         NaN -1.0000E-30 -1.0000E-30 -1.0000E-30 -1.0000E-30 -1.0000E-30 -1.0000E-30 -1.0000E-30 -1.0000E-30 -1.0000E-30
  1.0000E-30  1.0000E-30  1.0000E-30  1.0000E-30  1.0000E-30  1.0000E-30  1.0000E-30  1.0000E-30  1.0000E-30  1.0000E-30
         NaN -1.0000E-30 -1.0000E-30 -1.0000E-30 -1.0000E-30 -1.0000E-30 -1.0000E-30 -1.0000E-30 -1.0000E-30 -1.0000E-30
  1.0000E-30  1.0000E-30  1.0000E-30  1.0000E-30  1.0000E-30  1.0000E-30  1.0000E-30  1.0000E-30  1.0000E-30  1.0000E-30
         NaN -1.0000E-30 -1.0000E-30 -1.0000E-30 -1.0000E-30 -1.0000E-30 -1.0000E-30 -1.0000E-30 -1.0000E-30 -1.0000E-30
  1.0000E-30  1.0000E-30  1.0000E-30  1.0000E-30  1.0000E-30  1.0000E-30  1.0000E-30  1.0000E-30  1.0000E-30  1.0000E-30
  0.0000E+00  0.0000E+00  0.0000E+00  0.0000E+00  0.0000E+00  0.0000E+00  0.0000E+00  0.0000E+00  0.0000E+00  0.0000E+00
  1.0000E-30  1.0000E-30  1.0000E-30  1.0000E-30  1.0000E-30  1.0000E-30  1.0000E-30  1.0000E-30  1.0000E-30  1.0000E-30
  9.0305E-03 -1.0000E-30 -1.0000E-30 -1.0000E-30 -1.0000E-30 -1.0000E-30 -1.0000E-30 -1.0000E-30 -1.0000E-30 -1.0000E-30
  1.0000E-30  1.0000E-30  1.0000E-30  1.0000E-30  1.0000E-30  1.0000E-30  1.0000E-30  1.0000E-30  1.0000E-30  1.0000E-30
  1.0000E-30 -1.0000E-30 -1.0000E-30 -1.0000E-30 -1.0000E-30 -1.0000E-30 -1.0000E-30 -1.0000E-30 -1.0000E-30 -1.0000E-30
  1.0000E-30  1.0000E-30  1.0000E-30  1.0000E-30  1.0000E-30  1.0000E-30  1.0000E-30  1.0000E-30  1.0000E-30  1.0000E-30
  1.0000E-30 -1.0000E-30 -1.0000E-30 -1.0000E-30 -1.0000E-30 -1.0000E-30 -1.0000E-30 -1.0000E-30 -1.0000E-30 -1.0000E-30
  1.0000E-30  1.0000E-30  1.0000E-30  1.0000E-30  1.0000E-30  1.0000E-30  1.0000E-30  1.0000E-30  1.0000E-30  1.0000E-30
  1.0000E-30 -1.0000E-30 -1.0000E-30 -1.0000E-30 -1.0000E-30 -1.0000E-30 -1.0000E-30 -1.0000E-30 -1.0000E-30 -1.0000E-30
  1.0000E-30  1.0000E-30  1.0000E-30  1.0000E-30  1.0000E-30  1.0000E-30  1.0000E-30  1.0000E-30  1.0000E-30  1.0000E-30
  1.0000E-30 -1.0000E-30 -1.0000E-30 -1.0000E-30 -1.0000E-30 -1.0000E-30 -1.0000E-30 -1.0000E-30 -1.0000E-30 -1.0000E-30
  1.0000E-30  1.0000E-30  1.0000E-30  1.0000E-30  1.0000E-30  1.0000E-30  1.0000E-30  1.0000E-30  1.0000E-30  1.0000E-30
  2.4536E-02 -1.0000E-30 -1.0000E-30 -1.0000E-30 -1.0000E-30 -1.0000E-30 -1.0000E-30 -1.0000E-30 -1.0000E-30 -1.0000E-30
  1.0000E-30  1.0000E-30  1.0000E-30  1.0000E-30  1.0000E-30  1.0000E-30  1.0000E-30  1.0000E-30  1.0000E-30  1.0000E-30
 -1.2298E-02 -1.0000E-30 -1.0000E-30 -1.0000E-30 -1.0000E-30 -1.0000E-30 -1.0000E-30 -1.0000E-30 -1.0000E-30 -1.0000E-30
  1.0000E-30  1.0000E-30  1.0000E-30  1.0000E-30  1.0000E-30  1.0000E-30  1.0000E-30  1.0000E-30  1.0000E-30  1.0000E-30
  1.0000E-30 -1.0000E-30 -1.0000E-30 -1.0000E-30 -1.0000E-30 -1.0000E-30 -1.0000E-30 -1.0000E-30 -1.0000E-30 -1.0000E-30
  1.0000E-30  1.0000E-30  1.0000E-30  1.0000E-30  1.0000E-30  1.0000E-30  1.0000E-30  1.0000E-30  1.0000E-30  1.0000E-30
  1.0000E-30 -1.0000E-30 -1.0000E-30 -1.0000E-30 -1.0000E-30 -1.0000E-30 -1.0000E-30 -1.0000E-30 -1.0000E-30 -1.0000E-30
  1.0000E-30  1.0000E-30  1.0000E-30  1.0000E-30  1.0000E-30  1.0000E-30  1.0000E-30  1.0000E-30  1.0000E-30  1.0000E-30
  1.0000E-30  1.0000E-30  1.0000E-30  1.0000E-30  1.0000E-30  1.0000E-30  1.0000E-30  1.0000E-30  1.0000E-30  1.0000E-30
  1.0000E-30  1.0000E-30  1.0000E-30  1.0000E-30  1.0000E-30  1.0000E-30  1.0000E-30  1.0000E-30  1.0000E-30  1.0000E-30
  1.1366E-03 -1.0000E-30 -1.0000E-30 -1.0000E-30 -1.0000E-30 -1.0000E-30 -1.0000E-30 -1.0000E-30 -1.0000E-30 -1.0000E-30
  1.0000E-30  1.0000E-30  1.0000E-30  1.0000E-30  1.0000E-30  1.0000E-30  1.0000E-30  1.0000E-30  1.0000E-30  1.0000E-30
  1.0000E-30 -1.0000E-30 -1.0000E-30 -1.0000E-30 -1.0000E-30 -1.0000E-30 -1.0000E-30 -1.0000E-30 -1.0000E-30 -1.0000E-30
  1.0000E-30  1.0000E-30  1.0000E-30  1.0000E-30  1.0000E-30  1.0000E-30  1.0000E-30  1.0000E-30  1.0000E-30  1.0000E-30
  1.0000E-30 -1.0000E-30 -1.0000E-30 -1.0000E-30 -1.0000E-30 -1.0000E-30 -1.0000E-30 -1.0000E-30 -1.0000E-30 -1.0000E-30
  1.0000E-30  1.0000E-30  1.0000E-30  1.0000E-30  1.0000E-30  1.0000E-30  1.0000E-30  1.0000E-30  1.0000E-30  1.0000E-30
  1.0000E-30 -1.0000E-30 -1.0000E-30 -1.0000E-30 -1.0000E-30 -1.0000E-30 -1.0000E-30 -1.0000E-30 -1.0000E-30 -1.0000E-30
  1.0000E-30  1.0000E-30  1.0000E-30  1.0000E-30  1.0000E-30  1.0000E-30  1.0000E-30  1.0000E-30  1.0000E-30  1.0000E-30
  1.0000E-30 -1.0000E-30 -1.0000E-30 -1.0000E-30 -1.0000E-30 -1.0000E-30 -1.0000E-30 -1.0000E-30 -1.0000E-30 -1.0000E-30
  1.0000E-30  1.0000E-30  1.0000E-30  1.0000E-30  1.0000E-30  1.0000E-30  1.0000E-30  1.0000E-30  1.0000E-30  1.0000E-30
  8.3656E-03 -1.0000E-30 -1.0000E-30 -1.0000E-30 -1.0000E-30 -1.0000E-30 -1.0000E-30 -1.0000E-30 -1.0000E-30 -1.0000E-30
  1.0000E-30  1.0000E-30  1.0000E-30  1.0000E-30  1.0000E-30  1.0000E-30  1.0000E-30  1.0000E-30  1.0000E-30  1.0000E-30
 -1.9910E-02 -1.0000E-30 -1.0000E-30 -1.0000E-30 -1.0000E-30 -1.0000E-30 -1.0000E-30 -1.0000E-30 -1.0000E-30 -1.0000E-30
  1.0000E-30  1.0000E-30  1.0000E-30  1.0000E-30  1.0000E-30  1.0000E-30  1.0000E-30  1.0000E-30  1.0000E-30  1.0000E-30
  1.0000E-30 -1.0000E-30 -1.0000E-30 -1.0000E-30 -1.0000E-30 -1.0000E-30 -1.0000E-30 -1.0000E-30 -1.0000E-30 -1.0000E-30
  1.0000E-30  1.0000E-30  1.0000E-30  1.0000E-30  1.0000E-30  1.0000E-30  1.0000E-30  1.0000E-30  1.0000E-30  1.0000E-30
  1.0000E-30 -1.0000E-30 -1.0000E-30 -1.0000E-30 -1.0000E-30 -1.0000E-30 -1.0000E-30 -1.0000E-30 -1.0000E-30 -1.0000E-30
  1.0000E-30  1.0000E-30  1.0000E-30  1.0000E-30  1.0000E-30  1.0000E-30  1.0000E-30  1.0000E-30  1.0000E-30  1.0000E-30
  1.0000E-30  1.0000E-30  1.0000E-30  1.0000E-30  1.0000E-30  1.0000E-30  1.0000E-30  1.0000E-30  1.0000E-30  1.0000E-30
  1.0000E-30  1.0000E-30  1.0000E-30  1.0000E-30  1.0000E-30  1.0000E-30  1.0000E-30  1.0000E-30  1.0000E-30  1.0000E-30
         NaN -1.0000E-30 -1.0000E-30 -1.0000E-30 -1.0000E-30 -1.0000E-30 -1.0000E-30 -1.0000E-30 -1.0000E-30 -1.0000E-30
  1.0000E-30  1.0000E-30  1.0000E-30  1.0000E-30  1.0000E-30  1.0000E-30  1.0000E-30  1.0000E-30  1.0000E-30  1.0000E-30
  0.0000E+00 -1.0000E-30 -1.0000E-30 -1.0000E-30 -1.0000E-30 -1.0000E-30 -1.0000E-30 -1.0000E-30 -1.0000E-30 -1.0000E-30
  1.0000E-30  1.0000E-30  1.0000E-30  1.0000E-30  1.0000E-30  1.0000E-30  1.0000E-30  1.0000E-30  1.0000E-30  1.0000E-30
  0.0000E+00 -1.0000E-30 -1.0000E-30 -1.0000E-30 -1.0000E-30 -1.0000E-30 -1.0000E-30 -1.0000E-30 -1.0000E-30 -1.0000E-30
  1.0000E-30  1.0000E-30  1.0000E-30  1.0000E-30  1.0000E-30  1.0000E-30  1.0000E-30  1.0000E-30  1.0000E-30  1.0000E-30
  0.0000E+00 -1.0000E-30 -1.0000E-30 -1.0000E-30 -1.0000E-30 -1.0000E-30 -1.0000E-30 -1.0000E-30 -1.0000E-30 -1.0000E-30
  1.0000E-30  1.0000E-30  1.0000E-30  1.0000E-30  1.0000E-30  1.0000E-30  1.0000E-30  1.0000E-30  1.0000E-30  1.0000E-30
  1.0000E-30 -1.0000E-30 -1.0000E-30 -1.0000E-30 -1.0000E-30 -1.0000E-30 -1.0000E-30 -1.0000E-30 -1.0000E-30 -1.0000E-30
  1.0000E-30  1.0000E-30  1.0000E-30  1.0000E-30  1.0000E-30  1.0000E-30  1.0000E-30  1.0000E-30  1.0000E-30  1.0000E-30
  0.0000E+00 -1.0000E-30 -1.0000E-30 -1.0000E-30 -1.0000E-30 -1.0000E-30 -1.0000E-30 -1.0000E-30 -1.0000E-30 -1.0000E-30
  1.0000E-30  1.0000E-30  1.0000E-30  1.0000E-30  1.0000E-30  1.0000E-30  1.0000E-30  1.0000E-30  1.0000E-30  1.0000E-30
  0.0000E+00 -1.0000E-30 -1.0000E-30 -1.0000E-30 -1.0000E-30 -1.0000E-30 -1.0000E-30 -1.0000E-30 -1.0000E-30 -1.0000E-30
  1.0000E-30  1.0000E-30  1.0000E-30  1.0000E-30  1.0000E-30  1.0000E-30  1.0000E-30  1.0000E-30  1.0000E-30  1.0000E-30
  1.0000E-30 -1.0000E-30 -1.0000E-30 -1.0000E-30 -1.0000E-30 -1.0000E-30 -1.0000E-30 -1.0000E-30 -1.0000E-30 -1.0000E-30
  1.0000E-30  1.0000E-30  1.0000E-30  1.0000E-30  1.0000E-30  1.0000E-30  1.0000E-30  1.0000E-30  1.0000E-30  1.0000E-30
  1.0000E-30 -1.0000E-30 -1.0000E-30 -1.0000E-30 -1.0000E-30 -1.0000E-30 -1.0000E-30 -1.0000E-30 -1.0000E-30 -1.0000E-30
  1.0000E-30  1.0000E-30  1.0000E-30  1.0000E-30  1.0000E-30  1.0000E-30  1.0000E-30  1.0000E-30  1.0000E-30  1.0000E-30
  1.0000E-30  1.0000E-30  1.0000E-30  1.0000E-30  1.0000E-30  1.0000E-30  1.0000E-30  1.0000E-30  1.0000E-30  1.0000E-30
  1.0000E-30  1.0000E-30  1.0000E-30  1.0000E-30  1.0000E-30  1.0000E-30  1.0000E-30  1.0000E-30  1.0000E-30  1.0000E-30
  1.0000E-30 -1.0000E-30 -1.0000E-30 -1.0000E-30 -1.0000E-30 -1.0000E-30 -1.0000E-30 -1.0000E-30 -1.0000E-30 -1.0000E-30
  1.0000E-30  1.0000E-30  1.0000E-30  1.0000E-30  1.0000E-30  1.0000E-30  1.0000E-30  1.0000E-30  1.0000E-30  1.0000E-30
  0.0000E+00 -1.0000E-30 -1.0000E-30 -1.0000E-30 -1.0000E-30 -1.0000E-30 -1.0000E-30 -1.0000E-30 -1.0000E-30 -1.0000E-30
  1.0000E-30  1.0000E-30  1.0000E-30  1.0000E-30  1.0000E-30  1.0000E-30  1.0000E-30  1.0000E-30  1.0000E-30  1.0000E-30
  0.0000E+00 -1.0000E-30 -1.0000E-30 -1.0000E-30 -1.0000E-30 -1.0000E-30 -1.0000E-30 -1.0000E-30 -1.0000E-30 -1.0000E-30
  1.0000E-30  1.0000E-30  1.0000E-30  1.0000E-30  1.0000E-30  1.0000E-30  1.0000E-30  1.0000E-30  1.0000E-30  1.0000E-30
  0.0000E+00 -1.0000E-30 -1.0000E-30 -1.0000E-30 -1.0000E-30 -1.0000E-30 -1.0000E-30 -1.0000E-30 -1.0000E-30 -1.0000E-30
  1.0000E-30  1.0000E-30  1.0000E-30  1.0000E-30  1.0000E-30  1.0000E-30  1.0000E-30  1.0000E-30  1.0000E-30  1.0000E-30
  1.0000E-30 -1.0000E-30 -1.0000E-30 -1.0000E-30 -1.0000E-30 -1.0000E-30 -1.0000E-30 -1.0000E-30 -1.0000E-30 -1.0000E-30
  1.0000E-30  1.0000E-30  1.0000E-30  1.0000E-30  1.0000E-30  1.0000E-30  1.0000E-30  1.0000E-30  1.0000E-30  1.0000E-30
  0.0000E+00 -1.0000E-30 -1.0000E-30 -1.0000E-30 -1.0000E-30 -1.0000E-30 -1.0000E-30 -1.0000E-30 -1.0000E-30 -1.0000E-30
  1.0000E-30  1.0000E-30  1.0000E-30  1.0000E-30  1.0000E-30  1.0000E-30  1.0000E-30  1.0000E-30  1.0000E-30  1.0000E-30
  0.0000E+00 -1.0000E-30 -1.0000E-30 -1.0000E-30 -1.0000E-30 -1.0000E-30 -1.0000E-30 -1.0000E-30 -1.0000E-30 -1.0000E-30
  1.0000E-30  1.0000E-30  1.0000E-30  1.0000E-30  1.0000E-30  1.0000E-30  1.0000E-30  1.0000E-30  1.0000E-30  1.0000E-30
  1.0000E-30 -1.0000E-30 -1.0000E-30 -1.0000E-30 -1.0000E-30 -1.0000E-30 -1.0000E-30 -1.0000E-30 -1.0000E-30 -1.0000E-30
  1.0000E-30  1.0000E-30  1.0000E-30  1.0000E-30  1.0000E-30  1.0000E-30  1.0000E-30  1.0000E-30  1.0000E-30  1.0000E-30
  1.0000E-30 -1.0000E-30 -1.0000E-30 -1.0000E-30 -1.0000E-30 -1.0000E-30 -1.0000E-30 -1.0000E-30 -1.0000E-30 -1.0000E-30
  1.0000E-30  1.0000E-30  1.0000E-30  1.0000E-30  1.0000E-30  1.0000E-30  1.0000E-30  1.0000E-30  1.0000E-30  1.0000E-30
  1.0000E-30  1.0000E-30  1.0000E-30  1.0000E-30  1.0000E-30  1.0000E-30  1.0000E-30  1.0000E-30  1.0000E-30  1.0000E-30
  1.0000E-30  1.0000E-30  1.0000E-30  1.0000E-30  1.0000E-30  1.0000E-30  1.0000E-30  1.0000E-30  1.0000E-30  1.0000E-30
  1.5340E-02 -1.0000E-30 -1.0000E-30 -1.0000E-30 -1.0000E-30 -1.0000E-30 -1.0000E-30 -1.0000E-30 -1.0000E-30 -1.0000E-30
  1.0000E-30  1.0000E-30  1.0000E-30  1.0000E-30  1.0000E-30  1.0000E-30  1.0000E-30  1.0000E-30  1.0000E-30  1.0000E-30
         NaN         NaN         NaN         NaN         NaN         NaN         NaN         NaN         NaN         NaN
  1.0000E-30  1.0000E-30  1.0000E-30  1.0000E-30  1.0000E-30  1.0000E-30  1.0000E-30  1.0000E-30  1.0000E-30  1.0000E-30
  1.0000E-30 -1.0000E-30 -1.0000E-30 -1.0000E-30 -1.0000E-30 -1.0000E-30 -1.0000E-30 -1.0000E-30 -1.0000E-30 -1.0000E-30
  1.0000E-30  1.0000E-30  1.0000E-30  1.0000E-30  1.0000E-30  1.0000E-30  1.0000E-30  1.0000E-30  1.0000E-30  1.0000E-30
         NaN -1.0000E-30 -1.0000E-30 -1.0000E-30 -1.0000E-30 -1.0000E-30 -1.0000E-30 -1.0000E-30 -1.0000E-30 -1.0000E-30
  1.0000E-30  1.0000E-30  1.0000E-30  1.0000E-30  1.0000E-30  1.0000E-30  1.0000E-30  1.0000E-30  1.0000E-30  1.0000E-30
         NaN -1.0000E-30 -1.0000E-30 -1.0000E-30 -1.0000E-30 -1.0000E-30 -1.0000E-30 -1.0000E-30 -1.0000E-30 -1.0000E-30
  1.0000E-30  1.0000E-30  1.0000E-30  1.0000E-30  1.0000E-30  1.0000E-30  1.0000E-30  1.0000E-30  1.0000E-30  1.0000E-30
         NaN         NaN         NaN         NaN         NaN         NaN         NaN         NaN         NaN         NaN
  1.0000E-30  1.0000E-30  1.0000E-30  1.0000E-30  1.0000E-30  1.0000E-30  1.0000E-30  1.0000E-30  1.0000E-30  1.0000E-30
         NaN -1.0000E-30 -1.0000E-30 -1.0000E-30 -1.0000E-30 -1.0000E-30 -1.0000E-30 -1.0000E-30 -1.0000E-30 -1.0000E-30
  1.0000E-30  1.0000E-30  1.0000E-30  1.0000E-30  1.0000E-30  1.0000E-30  1.0000E-30  1.0000E-30  1.0000E-30  1.0000E-30
         NaN -1.0000E-30 -1.0000E-30 -1.0000E-30 -1.0000E-30 -1.0000E-30 -1.0000E-30 -1.0000E-30 -1.0000E-30 -1.0000E-30
  1.0000E-30  1.0000E-30  1.0000E-30  1.0000E-30  1.0000E-30  1.0000E-30  1.0000E-30  1.0000E-30  1.0000E-30  1.0000E-30
 -1.0896E-03 -1.0000E-30 -1.0000E-30 -1.0000E-30 -1.0000E-30 -1.0000E-30 -1.0000E-30 -1.0000E-30 -1.0000E-30 -1.0000E-30
  1.0000E-30  1.0000E-30  1.0000E-30  1.0000E-30  1.0000E-30  1.0000E-30  1.0000E-30  1.0000E-30  1.0000E-30  1.0000E-30
         NaN         NaN         NaN         NaN         NaN         NaN         NaN         NaN         NaN         NaN
  1.0000E-30  1.0000E-30  1.0000E-30  1.0000E-30  1.0000E-30  1.0000E-30  1.0000E-30  1.0000E-30  1.0000E-30  1.0000E-30
  7.4458E-03 -1.0000E-30 -1.0000E-30 -1.0000E-30 -1.0000E-30 -1.0000E-30 -1.0000E-30 -1.0000E-30 -1.0000E-30 -1.0000E-30
  1.0000E-30  1.0000E-30  1.0000E-30  1.0000E-30  1.0000E-30  1.0000E-30  1.0000E-30  1.0000E-30  1.0000E-30  1.0000E-30
         NaN         NaN         NaN         NaN         NaN         NaN         NaN         NaN         NaN         NaN
  1.0000E-30  1.0000E-30  1.0000E-30  1.0000E-30  1.0000E-30  1.0000E-30  1.0000E-30  1.0000E-30  1.0000E-30  1.0000E-30
  1.0000E-30 -1.0000E-30 -1.0000E-30 -1.0000E-30 -1.0000E-30 -1.0000E-30 -1.0000E-30 -1.0000E-30 -1.0000E-30 -1.0000E-30
  1.0000E-30  1.0000E-30  1.0000E-30  1.0000E-30  1.0000E-30  1.0000E-30  1.0000E-30  1.0000E-30  1.0000E-30  1.0000E-30
         NaN -1.0000E-30 -1.0000E-30 -1.0000E-30 -1.0000E-30 -1.0000E-30 -1.0000E-30 -1.0000E-30 -1.0000E-30 -1.0000E-30
  1.0000E-30  1.0000E-30  1.0000E-30  1.0000E-30  1.0000E-30  1.0000E-30  1.0000E-30  1.0000E-30  1.0000E-30  1.0000E-30
         NaN -1.0000E-30 -1.0000E-30 -1.0000E-30 -1.0000E-30 -1.0000E-30 -1.0000E-30 -1.0000E-30 -1.0000E-30 -1.0000E-30
  1.0000E-30  1.0000E-30  1.0000E-30  1.0000E-30  1.0000E-30  1.0000E-30  1.0000E-30  1.0000E-30  1.0000E-30  1.0000E-30
         NaN         NaN         NaN         NaN         NaN         NaN         NaN         NaN         NaN         NaN
  1.0000E-30  1.0000E-30  1.0000E-30  1.0000E-30  1.0000E-30  1.0000E-30  1.0000E-30  1.0000E-30  1.0000E-30  1.0000E-30
         NaN -1.0000E-30 -1.0000E-30 -1.0000E-30 -1.0000E-30 -1.0000E-30 -1.0000E-30 -1.0000E-30 -1.0000E-30 -1.0000E-30
  1.0000E-30  1.0000E-30  1.0000E-30  1.0000E-30  1.0000E-30  1.0000E-30  1.0000E-30  1.0000E-30  1.0000E-30  1.0000E-30
         NaN -1.0000E-30 -1.0000E-30 -1.0000E-30 -1.0000E-30 -1.0000E-30 -1.0000E-30 -1.0000E-30 -1.0000E-30 -1.0000E-30
  1.0000E-30  1.0000E-30  1.0000E-30  1.0000E-30  1.0000E-30  1.0000E-30  1.0000E-30  1.0000E-30  1.0000E-30  1.0000E-30
 -1.0896E-03 -1.0000E-30 -1.0000E-30 -1.0000E-30 -1.0000E-30 -1.0000E-30 -1.0000E-30 -1.0000E-30 -1.0000E-30 -1.0000E-30
  1.0000E-30  1.0000E-30  1.0000E-30  1.0000E-30  1.0000E-30  1.0000E-30  1.0000E-30  1.0000E-30  1.0000E-30  1.0000E-30
         NaN         NaN         NaN         NaN         NaN         NaN         NaN         NaN         NaN         NaN
  1.0000E-30  1.0000E-30  1.0000E-30  1.0000E-30  1.0000E-30  1.0000E-30  1.0000E-30  1.0000E-30  1.0000E-30  1.0000E-30
         NaN         NaN         NaN         NaN         NaN         NaN         NaN         NaN         NaN         NaN
  1.0000E-30  1.0000E-30  1.0000E-30  1.0000E-30  1.0000E-30  1.0000E-30  1.0000E-30  1.0000E-30  1.0000E-30  1.0000E-30
  1.0000E-30 -1.0000E-30 -1.0000E-30 -1.0000E-30 -1.0000E-30 -1.0000E-30 -1.0000E-30 -1.0000E-30 -1.0000E-30 -1.0000E-30
  1.0000E-30  1.0000E-30  1.0000E-30  1.0000E-30  1.0000E-30  1.0000E-30  1.0000E-30  1.0000E-30  1.0000E-30  1.0000E-30
  1.0000E-30 -1.0000E-30 -1.0000E-30 -1.0000E-30 -1.0000E-30 -1.0000E-30 -1.0000E-30 -1.0000E-30 -1.0000E-30 -1.0000E-30
  1.0000E-30  1.0000E-30  1.0000E-30  1.0000E-30  1.0000E-30  1.0000E-30  1.0000E-30  1.0000E-30  1.0000E-30  1.0000E-30
  1.0000E-30 -1.0000E-30 -1.0000E-30 -1.0000E-30 -1.0000E-30 -1.0000E-30 -1.0000E-30 -1.0000E-30 -1.0000E-30 -1.0000E-30
  1.0000E-30  1.0000E-30  1.0000E-30  1.0000E-30  1.0000E-30  1.0000E-30  1.0000E-30  1.0000E-30  1.0000E-30  1.0000E-30
  1.0000E-30 -1.0000E-30 -1.0000E-30 -1.0000E-30 -1.0000E-30 -1.0000E-30 -1.0000E-30 -1.0000E-30 -1.0000E-30 -1.0000E-30
  1.0000E-30  1.0000E-30  1.0000E-30  1.0000E-30  1.0000E-30  1.0000E-30  1.0000E-30  1.0000E-30  1.0000E-30  1.0000E-30
         NaN -1.0000E-30 -1.0000E-30 -1.0000E-30 -1.0000E-30 -1.0000E-30 -1.0000E-30 -1.0000E-30 -1.0000E-30 -1.0000E-30
  1.0000E-30  1.0000E-30  1.0000E-30  1.0000E-30  1.0000E-30  1.0000E-30  1.0000E-30  1.0000E-30  1.0000E-30  1.0000E-30
         NaN -1.0000E-30 -1.0000E-30 -1.0000E-30 -1.0000E-30 -1.0000E-30 -1.0000E-30 -1.0000E-30 -1.0000E-30 -1.0000E-30
  1.0000E-30  1.0000E-30  1.0000E-30  1.0000E-30  1.0000E-30  1.0000E-30  1.0000E-30  1.0000E-30  1.0000E-30  1.0000E-30
  1.0000E-30 -1.0000E-30 -1.0000E-30 -1.0000E-30 -1.0000E-30 -1.0000E-30 -1.0000E-30 -1.0000E-30 -1.0000E-30 -1.0000E-30
  1.0000E-30  1.0000E-30  1.0000E-30  1.0000E-30  1.0000E-30  1.0000E-30  1.0000E-30  1.0000E-30  1.0000E-30  1.0000E-30
  1.0000E-30 -1.0000E-30 -1.0000E-30 -1.0000E-30 -1.0000E-30 -1.0000E-30 -1.0000E-30 -1.0000E-30 -1.0000E-30 -1.0000E-30
  1.0000E-30  1.0000E-30  1.0000E-30  1.0000E-30  1.0000E-30  1.0000E-30  1.0000E-30  1.0000E-30  1.0000E-30  1.0000E-30
  1.0000E-30  1.0000E-30  1.0000E-30  1.0000E-30  1.0000E-30  1.0000E-30  1.0000E-30  1.0000E-30  1.0000E-30  1.0000E-30
  1.0000E-30  1.0000E-30  1.0000E-30  1.0000E-30  1.0000E-30  1.0000E-30  1.0000E-30  1.0000E-30  1.0000E-30  1.0000E-30
         NaN -1.0000E-30 -1.0000E-30 -1.0000E-30 -1.0000E-30 -1.0000E-30 -1.0000E-30 -1.0000E-30 -1.0000E-30 -1.0000E-30
  1.0000E-30  1.0000E-30  1.0000E-30  1.0000E-30  1.0000E-30  1.0000E-30  1.0000E-30  1.0000E-30  1.0000E-30  1.0000E-30
  1.0000E-30 -1.0000E-30 -1.0000E-30 -1.0000E-30 -1.0000E-30 -1.0000E-30 -1.0000E-30 -1.0000E-30 -1.0000E-30 -1.0000E-30
  1.0000E-30  1.0000E-30  1.0000E-30  1.0000E-30  1.0000E-30  1.0000E-30  1.0000E-30  1.0000E-30  1.0000E-30  1.0000E-30
  1.0000E-30 -1.0000E-30 -1.0000E-30 -1.0000E-30 -1.0000E-30 -1.0000E-30 -1.0000E-30 -1.0000E-30 -1.0000E-30 -1.0000E-30
  1.0000E-30  1.0000E-30  1.0000E-30  1.0000E-30  1.0000E-30  1.0000E-30  1.0000E-30  1.0000E-30  1.0000E-30  1.0000E-30
  1.0000E-30 -1.0000E-30 -1.0000E-30 -1.0000E-30 -1.0000E-30 -1.0000E-30 -1.0000E-30 -1.0000E-30 -1.0000E-30 -1.0000E-30
  1.0000E-30  1.0000E-30  1.0000E-30  1.0000E-30  1.0000E-30  1.0000E-30  1.0000E-30  1.0000E-30  1.0000E-30  1.0000E-30
  1.0000E-30 -1.0000E-30 -1.0000E-30 -1.0000E-30 -1.0000E-30 -1.0000E-30 -1.0000E-30 -1.0000E-30 -1.0000E-30 -1.0000E-30
  1.0000E-30  1.0000E-30  1.0000E-30  1.0000E-30  1.0000E-30  1.0000E-30  1.0000E-30  1.0000E-30  1.0000E-30  1.0000E-30
         NaN -1.0000E-30 -1.0000E-30 -1.0000E-30 -1.0000E-30 -1.0000E-30 -1.0000E-30 -1.0000E-30 -1.0000E-30 -1.0000E-30
  1.0000E-30  1.0000E-30  1.0000E-30  1.0000E-30  1.0000E-30  1.0000E-30  1.0000E-30  1.0000E-30  1.0000E-30  1.0000E-30
         NaN -1.0000E-30 -1.0000E-30 -1.0000E-30 -1.0000E-30 -1.0000E-30 -1.0000E-30 -1.0000E-30 -1.0000E-30 -1.0000E-30
  1.0000E-30  1.0000E-30  1.0000E-30  1.0000E-30  1.0000E-30  1.0000E-30  1.0000E-30  1.0000E-30  1.0000E-30  1.0000E-30
  1.0000E-30 -1.0000E-30 -1.0000E-30 -1.0000E-30 -1.0000E-30 -1.0000E-30 -1.0000E-30 -1.0000E-30 -1.0000E-30 -1.0000E-30
  1.0000E-30  1.0000E-30  1.0000E-30  1.0000E-30  1.0000E-30  1.0000E-30  1.0000E-30  1.0000E-30  1.0000E-30  1.0000E-30
  1.0000E-30 -1.0000E-30 -1.0000E-30 -1.0000E-30 -1.0000E-30 -1.0000E-30 -1.0000E-30 -1.0000E-30 -1.0000E-30 -1.0000E-30
  1.0000E-30  1.0000E-30  1.0000E-30  1.0000E-30  1.0000E-30  1.0000E-30  1.0000E-30  1.0000E-30  1.0000E-30  1.0000E-30
  1.0000E-30  1.0000E-30  1.0000E-30  1.0000E-30  1.0000E-30  1.0000E-30  1.0000E-30  1.0000E-30  1.0000E-30  1.0000E-30
  1.0000E-30  1.0000E-30  1.0000E-30  1.0000E-30  1.0000E-30  1.0000E-30  1.0000E-30  1.0000E-30  1.0000E-30  1.0000E-30
         NaN -1.0000E-30 -1.0000E-30 -1.0000E-30 -1.0000E-30 -1.0000E-30 -1.0000E-30 -1.0000E-30 -1.0000E-30 -1.0000E-30
  1.0000E-30  1.0000E-30  1.0000E-30  1.0000E-30  1.0000E-30  1.0000E-30  1.0000E-30  1.0000E-30  1.0000E-30  1.0000E-30
         NaN         NaN         NaN         NaN         NaN         NaN         NaN         NaN         NaN         NaN
  1.0000E-30  1.0000E-30  1.0000E-30  1.0000E-30  1.0000E-30  1.0000E-30  1.0000E-30  1.0000E-30  1.0000E-30  1.0000E-30
  1.0000E-30  1.0000E-30  1.0000E-30  1.0000E-30  1.0000E-30  1.0000E-30  1.0000E-30  1.0000E-30  1.0000E-30  1.0000E-30
  1.0000E-30  1.0000E-30  1.0000E-30  1.0000E-30  1.0000E-30  1.0000E-30  1.0000E-30  1.0000E-30  1.0000E-30  1.0000E-30
         NaN -1.0000E-30 -1.0000E-30 -1.0000E-30 -1.0000E-30 -1.0000E-30 -1.0000E-30 -1.0000E-30 -1.0000E-30 -1.0000E-30
  1.0000E-30  1.0000E-30  1.0000E-30  1.0000E-30  1.0000E-30  1.0000E-30  1.0000E-30  1.0000E-30  1.0000E-30  1.0000E-30
         NaN -1.0000E-30 -1.0000E-30 -1.0000E-30 -1.0000E-30 -1.0000E-30 -1.0000E-30 -1.0000E-30 -1.0000E-30 -1.0000E-30
  1.0000E-30  1.0000E-30  1.0000E-30  1.0000E-30  1.0000E-30  1.0000E-30  1.0000E-30  1.0000E-30  1.0000E-30  1.0000E-30
         NaN         NaN         NaN         NaN         NaN         NaN         NaN         NaN         NaN         NaN
  1.0000E-30  1.0000E-30  1.0000E-30  1.0000E-30  1.0000E-30  1.0000E-30  1.0000E-30  1.0000E-30  1.0000E-30  1.0000E-30
         NaN -1.0000E-30 -1.0000E-30 -1.0000E-30 -1.0000E-30 -1.0000E-30 -1.0000E-30 -1.0000E-30 -1.0000E-30 -1.0000E-30
  1.0000E-30  1.0000E-30  1.0000E-30  1.0000E-30  1.0000E-30  1.0000E-30  1.0000E-30  1.0000E-30  1.0000E-30  1.0000E-30
         NaN -1.0000E-30 -1.0000E-30 -1.0000E-30 -1.0000E-30 -1.0000E-30 -1.0000E-30 -1.0000E-30 -1.0000E-30 -1.0000E-30
  1.0000E-30  1.0000E-30  1.0000E-30  1.0000E-30  1.0000E-30  1.0000E-30  1.0000E-30  1.0000E-30  1.0000E-30  1.0000E-30
 -1.0896E-03 -1.0000E-30 -1.0000E-30 -1.0000E-30 -1.0000E-30 -1.0000E-30 -1.0000E-30 -1.0000E-30 -1.0000E-30 -1.0000E-30
  1.0000E-30  1.0000E-30  1.0000E-30  1.0000E-30  1.0000E-30  1.0000E-30  1.0000E-30  1.0000E-30  1.0000E-30  1.0000E-30
  1.0000E-30  1.0000E-30  1.0000E-30  1.0000E-30  1.0000E-30  1.0000E-30  1.0000E-30  1.0000E-30  1.0000E-30  1.0000E-30
  1.0000E-30  1.0000E-30  1.0000E-30  1.0000E-30  1.0000E-30  1.0000E-30  1.0000E-30  1.0000E-30  1.0000E-30  1.0000E-30
         NaN -1.0000E-30 -1.0000E-30 -1.0000E-30 -1.0000E-30 -1.0000E-30 -1.0000E-30 -1.0000E-30 -1.0000E-30 -1.0000E-30
  1.0000E-30  1.0000E-30  1.0000E-30  1.0000E-30  1.0000E-30  1.0000E-30  1.0000E-30  1.0000E-30  1.0000E-30  1.0000E-30
  1.0000E-30 -1.0000E-30 -1.0000E-30 -1.0000E-30 -1.0000E-30 -1.0000E-30 -1.0000E-30 -1.0000E-30 -1.0000E-30 -1.0000E-30
  1.0000E-30  1.0000E-30  1.0000E-30  1.0000E-30  1.0000E-30  1.0000E-30  1.0000E-30  1.0000E-30  1.0000E-30  1.0000E-30
  1.0000E-30 -1.0000E-30 -1.0000E-30 -1.0000E-30 -1.0000E-30 -1.0000E-30 -1.0000E-30 -1.0000E-30 -1.0000E-30 -1.0000E-30
  1.0000E-30  1.0000E-30  1.0000E-30  1.0000E-30  1.0000E-30  1.0000E-30  1.0000E-30  1.0000E-30  1.0000E-30  1.0000E-30
  1.0000E-30 -1.0000E-30 -1.0000E-30 -1.0000E-30 -1.0000E-30 -1.0000E-30 -1.0000E-30 -1.0000E-30 -1.0000E-30 -1.0000E-30
  1.0000E-30  1.0000E-30  1.0000E-30  1.0000E-30  1.0000E-30  1.0000E-30  1.0000E-30  1.0000E-30  1.0000E-30  1.0000E-30
  1.0000E-30 -1.0000E-30 -1.0000E-30 -1.0000E-30 -1.0000E-30 -1.0000E-30 -1.0000E-30 -1.0000E-30 -1.0000E-30 -1.0000E-30
  1.0000E-30  1.0000E-30  1.0000E-30  1.0000E-30  1.0000E-30  1.0000E-30  1.0000E-30  1.0000E-30  1.0000E-30  1.0000E-30
         NaN -1.0000E-30 -1.0000E-30 -1.0000E-30 -1.0000E-30 -1.0000E-30 -1.0000E-30 -1.0000E-30 -1.0000E-30 -1.0000E-30
  1.0000E-30  1.0000E-30  1.0000E-30  1.0000E-30  1.0000E-30  1.0000E-30  1.0000E-30  1.0000E-30  1.0000E-30  1.0000E-30
         NaN -1.0000E-30 -1.0000E-30 -1.0000E-30 -1.0000E-30 -1.0000E-30 -1.0000E-30 -1.0000E-30 -1.0000E-30 -1.0000E-30
  1.0000E-30  1.0000E-30  1.0000E-30  1.0000E-30  1.0000E-30  1.0000E-30  1.0000E-30  1.0000E-30  1.0000E-30  1.0000E-30
  1.0000E-30 -1.0000E-30 -1.0000E-30 -1.0000E-30 -1.0000E-30 -1.0000E-30 -1.0000E-30 -1.0000E-30 -1.0000E-30 -1.0000E-30
  1.0000E-30  1.0000E-30  1.0000E-30  1.0000E-30  1.0000E-30  1.0000E-30  1.0000E-30  1.0000E-30  1.0000E-30  1.0000E-30
  1.0000E-30 -1.0000E-30 -1.0000E-30 -1.0000E-30 -1.0000E-30 -1.0000E-30 -1.0000E-30 -1.0000E-30 -1.0000E-30 -1.0000E-30
  1.0000E-30  1.0000E-30  1.0000E-30  1.0000E-30  1.0000E-30  1.0000E-30  1.0000E-30  1.0000E-30  1.0000E-30  1.0000E-30
  1.0000E-30  1.0000E-30  1.0000E-30  1.0000E-30  1.0000E-30  1.0000E-30  1.0000E-30  1.0000E-30  1.0000E-30  1.0000E-30
  1.0000E-30  1.0000E-30  1.0000E-30  1.0000E-30  1.0000E-30  1.0000E-30  1.0000E-30  1.0000E-30  1.0000E-30  1.0000E-30
  9.9388E-01 -1.0000E-30 -1.0000E-30 -1.0000E-30 -1.0000E-30 -1.0000E-30 -1.0000E-30 -1.0000E-30 -1.0000E-30 -1.0000E-30
  1.0000E-30  1.0000E-30  1.0000E-30  1.0000E-30  1.0000E-30  1.0000E-30  1.0000E-30  1.0000E-30  1.0000E-30  1.0000E-30
  0.0000E+00 -1.0000E-30 -1.0000E-30 -1.0000E-30 -1.0000E-30 -1.0000E-30 -1.0000E-30 -1.0000E-30 -1.0000E-30 -1.0000E-30
  1.0000E-30  1.0000E-30  1.0000E-30  1.0000E-30  1.0000E-30  1.0000E-30  1.0000E-30  1.0000E-30  1.0000E-30  1.0000E-30
  2.8213E-01 -1.0000E-30 -1.0000E-30 -1.0000E-30 -1.0000E-30 -1.0000E-30 -1.0000E-30 -1.0000E-30 -1.0000E-30 -1.0000E-30
  1.0000E-30  1.0000E-30  1.0000E-30  1.0000E-30  1.0000E-30  1.0000E-30  1.0000E-30  1.0000E-30  1.0000E-30  1.0000E-30
  1.0000E-30  1.0000E-30  1.0000E-30  1.0000E-30  1.0000E-30  1.0000E-30  1.0000E-30  1.0000E-30  1.0000E-30  1.0000E-30
  1.0000E-30  1.0000E-30  1.0000E-30  1.0000E-30  1.0000E-30  1.0000E-30  1.0000E-30  1.0000E-30  1.0000E-30  1.0000E-30
  1.0000E-30  1.0000E-30  1.0000E-30  1.0000E-30  1.0000E-30  1.0000E-30  1.0000E-30  1.0000E-30  1.0000E-30  1.0000E-30
  1.0000E-30  1.0000E-30  1.0000E-30  1.0000E-30  1.0000E-30  1.0000E-30  1.0000E-30  1.0000E-30  1.0000E-30  1.0000E-30
  6.2076E-03  9.0305E-03  1.1297E-03         NaN  1.0000E-30  1.5238E-02  7.3442E-03         NaN         NaN         NaN
         NaN
