                                         ****************************************                                        
                     ********************************************************************************                    
           ****************************************************************************************************          
 ************************************************************************************************************************

       FFFFF      1       333     77777         WAVE DRAG CALCULATION BY FLOW-FIELD ANALYSIS INCORPORATING FULL          
       F         11      3   3        7         ---------------------------------------------------------------          
       F          1          3        7                       ASSESSMENT  OF  3-D SWEEP EFFECTS                          
       FFFF       1        33        7                        ---------------------------------                          
       F          1          3      7                                                                                    
       F          1      3   3     7                  S.E.ALLWRIGHT, Research Department, B.Ae. HATFIELD                 
       F         111      333      7     Issue 2.0                                                                       
                                         09/09/85                                                                        
 ************************************************************************************************************************
           ****************************************************************************************************          
                     ********************************************************************************                    
                                         ****************************************                                        


    DETAILS OF FLOW CALCULATION :-
    ---------------------------


  Calculation method  : SHORTS VISCOUS FULL POTENTIAL

            Mach No.  =   0.650
           Incidence  =   1.0000
       Reynolds No.  =    5726536.31
               LAMDA  =   0.25

                 CLT  =  0.47578
                 CDT  =  0.01447
              ERRMAX  = -0.000010

            Grid size  L, M, N  =  22, 38, 162
     Last station on wing, MTIP =   30
    Ordinates of wing tip, YTIP =  3.22920
                            XLE =  2.26111
                            XTE =  2.55511

      Reference wing area, AREA =  3.45672

     Reference wing chord, CBAR =  0.53523
  1)  UPPER SURFACE FLOW FIELD ANALYSIS                                              
     ----------------------------------

                                                +-----------+--------------+            
 +----------------------------------------------| EXTENT OF | IDENTITY AND +-----------------------+-------------------------------+
 |         PLANFORM GEOMETRY DETAILS            |  SHOCK    | CREDIBILITY  | SURFACE SHOCK DETAILS |      DRAG COEFFS (*1.0E4)     |
 +----+------+------+------+------+------+------+-----+-----+-------+------+-------+-------+-------+-------+-------+-------+-------+
 |  K |  ETA |    Y |  XLE |CHORD |C/CBAR| CLL  | BEG | END | IDENT | CRED |   X/c | M(loc)|Rel.SWP| LOCK  |  CDW  |CDWC/CB| CDWTOT|
 +----+------+------+------+------+------+------+-----+-----+-------+------+-------+-------+-------+-------+-------+-------+-------+

    1  0.0612 0.1977 0.1523 0.9096 1.6994 0.3975
    2  0.0742 0.2396 0.1678 0.9073 1.6951 0.4062
    3  0.0890 0.2875 0.2013 0.8887 1.6605 0.4205
    4  0.1058 0.3417 0.2393 0.8677 1.6212 0.4350
    5  0.1248 0.4029 0.2821 0.8441 1.5770 0.4504
    6  0.1462 0.4721 0.3306 0.8172 1.5269 0.4665    1     1     1      GOOD   0.027   1.069  27.959   0.000   0.000   0.000   0.000
    7  0.1708 0.5515 0.3862 0.7865 1.4695 0.4833    1     1     1      GOOD   0.027   1.103  32.019   0.000   0.000   0.000   0.000
    8  0.1997 0.6449 0.4515 0.7504 1.4020 0.5011    1     1     1      GOOD   0.027   1.137  30.334   0.000   0.000   0.000   0.000
    9  0.2352 0.7595 0.5318 0.7060 1.3191 0.5203    1     2     1      GOOD   0.033   1.165  26.434   0.002   0.019   0.025   0.001
   10  0.2815 0.9091 0.6366 0.6481 1.2108 0.5408    1     2     1      GOOD   0.033   1.206  24.671   0.050   0.187   0.226   0.012
   11  0.3421 1.1047 0.7735 0.5724 1.0694 0.5581    1     2     1      GOOD   0.032   1.240  23.252   0.204   0.539   0.577   0.034
   12  0.4000 1.2917 0.9044 0.5000 0.9342 0.5595    1     2     1      GOOD   0.032   1.250  22.868   0.274   0.708   0.661   0.040
   13  0.4631 1.4954 1.0471 0.4783 0.8937 0.5330    1     2     1      GOOD   0.032   1.231  23.234   0.165   0.471   0.421   0.024
   14  0.5122 1.6540 1.1582 0.4615 0.8622 0.5256    1     2     1      GOOD   0.032   1.222  23.397   0.122   0.383   0.330   0.015
   15  0.5527 1.7848 1.2497 0.4476 0.8362 0.5188    1     2     1      GOOD   0.032   1.211  23.841   0.078   0.272   0.227   0.009
   16  0.5908 1.9077 1.3358 0.4345 0.8118 0.5120    1     2     1      GOOD   0.032   1.199  24.400   0.043   0.175   0.142   0.005
   17  0.6282 2.0286 1.4204 0.4216 0.7878 0.5047    1     2     1      GOOD   0.032   1.187  25.060   0.020   0.098   0.077   0.003
   18  0.6658 2.1499 1.5054 0.4087 0.7637 0.4966    1     2     1      GOOD   0.031   1.174  25.875   0.007   0.042   0.032   0.001
   19  0.7039 2.2731 1.5917 0.3957 0.7392 0.4874    1     1     1      GOOD   0.031   1.159  26.675   0.001   0.012   0.009   0.000
   20  0.7429 2.3989 1.6797 0.3823 0.7142 0.4764    1     1     1      GOOD   0.031   1.143  27.611   0.000   0.001   0.000   0.000
   21  0.7826 2.5271 1.7695 0.3686 0.6888 0.4632    1     1     1      GOOD   0.031   1.125  28.637   0.000   0.000   0.000   0.000
   22  0.8225 2.6561 1.8598 0.3549 0.6631 0.4464
   23  0.8616 2.7821 1.9481 0.3415 0.6381 0.4251
   24  0.8976 2.8985 2.0295 0.3292 0.6150 0.3975
   25  0.9286 2.9986 2.0996 0.3185 0.5951 0.3625
   26  0.9538 3.0801 2.1567 0.3099 0.5789 0.3199
   27  0.9743 3.1464 2.2031 0.3028 0.5658 0.2678
   28  0.9918 3.2029 2.2427 0.2968 0.5545 0.1983


  Total wave drag for block is CDW(tot) =   0.144
  -----------------------------------------------


 LOCK approximate estimate for CDW(tot) =   0.050
 ------------------------------------------------
  2)  LOWER SURFACE FLOW FIELD ANALYSIS                                              
     ----------------------------------

                                                +-----------+--------------+            
 +----------------------------------------------| EXTENT OF | IDENTITY AND +-----------------------+-------------------------------+
 |         PLANFORM GEOMETRY DETAILS            |  SHOCK    | CREDIBILITY  | SURFACE SHOCK DETAILS |      DRAG COEFFS (*1.0E4)     |
 +----+------+------+------+------+------+------+-----+-----+-------+------+-------+-------+-------+-------+-------+-------+-------+
 |  K |  ETA |    Y |  XLE |CHORD |C/CBAR| CLL  | BEG | END | IDENT | CRED |   X/c | M(loc)|Rel.SWP| LOCK  |  CDW  |CDWC/CB| CDWTOT|
 +----+------+------+------+------+------+------+-----+-----+-------+------+-------+-------+-------+-------+-------+-------+-------+

    1  0.0612 0.1977 0.1523 0.9096 1.6994 0.3975
    2  0.0742 0.2396 0.1678 0.9073 1.6951 0.4062
    3  0.0890 0.2875 0.2013 0.8887 1.6605 0.4205
    4  0.1058 0.3417 0.2393 0.8677 1.6212 0.4350
    5  0.1248 0.4029 0.2821 0.8441 1.5770 0.4504
    6  0.1462 0.4721 0.3306 0.8172 1.5269 0.4665
    7  0.1708 0.5515 0.3862 0.7865 1.4695 0.4833
    8  0.1997 0.6449 0.4515 0.7504 1.4020 0.5011
    9  0.2352 0.7595 0.5318 0.7060 1.3191 0.5203
   10  0.2815 0.9091 0.6366 0.6481 1.2108 0.5408
   11  0.3421 1.1047 0.7735 0.5724 1.0694 0.5581
   12  0.4000 1.2917 0.9044 0.5000 0.9342 0.5595
   13  0.4631 1.4954 1.0471 0.4783 0.8937 0.5330
   14  0.5122 1.6540 1.1582 0.4615 0.8622 0.5256
   15  0.5527 1.7848 1.2497 0.4476 0.8362 0.5188
   16  0.5908 1.9077 1.3358 0.4345 0.8118 0.5120
   17  0.6282 2.0286 1.4204 0.4216 0.7878 0.5047
   18  0.6658 2.1499 1.5054 0.4087 0.7637 0.4966
   19  0.7039 2.2731 1.5917 0.3957 0.7392 0.4874
   20  0.7429 2.3989 1.6797 0.3823 0.7142 0.4764
   21  0.7826 2.5271 1.7695 0.3686 0.6888 0.4632
   22  0.8225 2.6561 1.8598 0.3549 0.6631 0.4464
   23  0.8616 2.7821 1.9481 0.3415 0.6381 0.4251
   24  0.8976 2.8985 2.0295 0.3292 0.6150 0.3975
   25  0.9286 2.9986 2.0996 0.3185 0.5951 0.3625
   26  0.9538 3.0801 2.1567 0.3099 0.5789 0.3199
   27  0.9743 3.1464 2.2031 0.3028 0.5658 0.2678
   28  0.9918 3.2029 2.2427 0.2968 0.5545 0.1983


  Total wave drag for block is CDW(tot) =   0.000
  -----------------------------------------------


 LOCK approximate estimate for CDW(tot) =   0.000
 ------------------------------------------------
                                         ****************************************                                        
                     ********************************************************************************                    
           ****************************************************************************************************          
 ************************************************************************************************************************

       FFFFF      1       333     77777         WAVE DRAG CALCULATION BY FLOW-FIELD ANALYSIS INCORPORATING FULL          
       F         11      3   3        7         ---------------------------------------------------------------          
       F          1          3        7                       ASSESSMENT  OF  3-D SWEEP EFFECTS                          
       FFFF       1        33        7                        ---------------------------------                          
       F          1          3      7                                                                                    
       F          1      3   3     7                  S.E.ALLWRIGHT, Research Department, B.Ae. HATFIELD                 
       F         111      333      7     Issue 2.0                                                                       
                                         09/09/85                                                                        
 ************************************************************************************************************************
           ****************************************************************************************************          
                     ********************************************************************************                    
                                         ****************************************                                        


    DETAILS OF FLOW CALCULATION :-
    ---------------------------


  Calculation method  : SHORTS VISCOUS FULL POTENTIAL

            Mach No.  =   0.650
           Incidence  =   1.0000
       Reynolds No.  =    5726536.31
               LAMDA  =   0.25

                 CLT  =  0.47300
                 CDT  =  0.01433
              ERRMAX  =  0.000007

            Grid size  L, M, N  =  22, 38, 162
     Last station on wing, MTIP =   30
    Ordinates of wing tip, YTIP =  3.22920
                            XLE =  2.26111
                            XTE =  2.55511

      Reference wing area, AREA =  3.45672

     Reference wing chord, CBAR =  0.53523
  1)  UPPER SURFACE FLOW FIELD ANALYSIS                                              
     ----------------------------------

                                                +-----------+--------------+            
 +----------------------------------------------| EXTENT OF | IDENTITY AND +-----------------------+-------------------------------+
 |         PLANFORM GEOMETRY DETAILS            |  SHOCK    | CREDIBILITY  | SURFACE SHOCK DETAILS |      DRAG COEFFS (*1.0E4)     |
 +----+------+------+------+------+------+------+-----+-----+-------+------+-------+-------+-------+-------+-------+-------+-------+
 |  K |  ETA |    Y |  XLE |CHORD |C/CBAR| CLL  | BEG | END | IDENT | CRED |   X/c | M(loc)|Rel.SWP| LOCK  |  CDW  |CDWC/CB| CDWTOT|
 +----+------+------+------+------+------+------+-----+-----+-------+------+-------+-------+-------+-------+-------+-------+-------+

    1  0.0612 0.1977 0.1523 0.9096 1.6994 0.3977
    2  0.0742 0.2396 0.1678 0.9073 1.6951 0.4065
    3  0.0890 0.2875 0.2013 0.8887 1.6605 0.4207
    4  0.1058 0.3417 0.2393 0.8677 1.6212 0.4351
    5  0.1248 0.4029 0.2821 0.8441 1.5770 0.4504
    6  0.1462 0.4721 0.3306 0.8172 1.5269 0.4664    1     1     1      GOOD   0.027   1.069  27.929   0.000   0.000   0.000   0.000
    7  0.1708 0.5515 0.3862 0.7865 1.4695 0.4832    1     1     1      GOOD   0.027   1.103  32.014   0.000   0.000   0.000   0.000
    8  0.1997 0.6449 0.4515 0.7504 1.4020 0.5009    1     1     1      GOOD   0.027   1.138  30.309   0.000   0.000   0.000   0.000
    9  0.2352 0.7595 0.5318 0.7060 1.3191 0.5199    1     2     1      GOOD   0.033   1.166  26.408   0.003   0.020   0.027   0.001
   10  0.2815 0.9091 0.6366 0.6481 1.2108 0.5403    1     2     1      GOOD   0.033   1.207  24.620   0.054   0.196   0.237   0.013
   11  0.3421 1.1047 0.7735 0.5724 1.0694 0.5570    1     2     1      GOOD   0.032   1.241  23.190   0.213   0.558   0.597   0.035
   12  0.4000 1.2917 0.9044 0.5000 0.9342 0.5567    1     2     1      GOOD   0.032   1.251  22.783   0.288   0.737   0.688   0.042
   13  0.4631 1.4954 1.0471 0.4783 0.8937 0.5280    1     2     1      GOOD   0.032   1.232  23.180   0.171   0.484   0.432   0.024
   14  0.5122 1.6540 1.1582 0.4615 0.8622 0.5199    1     2     1      GOOD   0.032   1.223  23.374   0.125   0.388   0.335   0.015
   15  0.5527 1.7848 1.2497 0.4476 0.8362 0.5128    1     2     1      GOOD   0.032   1.211  23.847   0.078   0.271   0.227   0.009
   16  0.5908 1.9077 1.3358 0.4345 0.8118 0.5057    1     2     1      GOOD   0.032   1.199  24.417   0.042   0.172   0.140   0.005
   17  0.6282 2.0286 1.4204 0.4216 0.7878 0.4981    1     2     1      GOOD   0.032   1.186  25.106   0.019   0.094   0.074   0.003
   18  0.6658 2.1499 1.5054 0.4087 0.7637 0.4898    1     2     1      GOOD   0.031   1.173  25.945   0.006   0.039   0.030   0.001
   19  0.7039 2.2731 1.5917 0.3957 0.7392 0.4803    1     1     1      GOOD   0.031   1.158  26.771   0.001   0.010   0.007   0.000
   20  0.7429 2.3989 1.6797 0.3823 0.7142 0.4692    1     1     1      GOOD   0.031   1.141  27.758   0.000   0.000   0.000   0.000
   21  0.7826 2.5271 1.7695 0.3686 0.6888 0.4559    1     1     1      GOOD   0.031   1.123  28.851   0.000   0.000   0.000   0.000
   22  0.8225 2.6561 1.8598 0.3549 0.6631 0.4393
   23  0.8616 2.7821 1.9481 0.3415 0.6381 0.4184
   24  0.8976 2.8985 2.0295 0.3292 0.6150 0.3916
   25  0.9286 2.9986 2.0996 0.3185 0.5951 0.3575
   26  0.9538 3.0801 2.1567 0.3099 0.5789 0.3157
   27  0.9743 3.1464 2.2031 0.3028 0.5658 0.2644
   28  0.9918 3.2029 2.2427 0.2968 0.5545 0.1954


  Total wave drag for block is CDW(tot) =   0.148
  -----------------------------------------------


 LOCK approximate estimate for CDW(tot) =   0.051
 ------------------------------------------------
  2)  LOWER SURFACE FLOW FIELD ANALYSIS                                              
     ----------------------------------

                                                +-----------+--------------+            
 +----------------------------------------------| EXTENT OF | IDENTITY AND +-----------------------+-------------------------------+
 |         PLANFORM GEOMETRY DETAILS            |  SHOCK    | CREDIBILITY  | SURFACE SHOCK DETAILS |      DRAG COEFFS (*1.0E4)     |
 +----+------+------+------+------+------+------+-----+-----+-------+------+-------+-------+-------+-------+-------+-------+-------+
 |  K |  ETA |    Y |  XLE |CHORD |C/CBAR| CLL  | BEG | END | IDENT | CRED |   X/c | M(loc)|Rel.SWP| LOCK  |  CDW  |CDWC/CB| CDWTOT|
 +----+------+------+------+------+------+------+-----+-----+-------+------+-------+-------+-------+-------+-------+-------+-------+

    1  0.0612 0.1977 0.1523 0.9096 1.6994 0.3977
    2  0.0742 0.2396 0.1678 0.9073 1.6951 0.4065
    3  0.0890 0.2875 0.2013 0.8887 1.6605 0.4207
    4  0.1058 0.3417 0.2393 0.8677 1.6212 0.4351
    5  0.1248 0.4029 0.2821 0.8441 1.5770 0.4504
    6  0.1462 0.4721 0.3306 0.8172 1.5269 0.4664
    7  0.1708 0.5515 0.3862 0.7865 1.4695 0.4832
    8  0.1997 0.6449 0.4515 0.7504 1.4020 0.5009
    9  0.2352 0.7595 0.5318 0.7060 1.3191 0.5199
   10  0.2815 0.9091 0.6366 0.6481 1.2108 0.5403
   11  0.3421 1.1047 0.7735 0.5724 1.0694 0.5570
   12  0.4000 1.2917 0.9044 0.5000 0.9342 0.5567
   13  0.4631 1.4954 1.0471 0.4783 0.8937 0.5280
   14  0.5122 1.6540 1.1582 0.4615 0.8622 0.5199
   15  0.5527 1.7848 1.2497 0.4476 0.8362 0.5128
   16  0.5908 1.9077 1.3358 0.4345 0.8118 0.5057
   17  0.6282 2.0286 1.4204 0.4216 0.7878 0.4981
   18  0.6658 2.1499 1.5054 0.4087 0.7637 0.4898
   19  0.7039 2.2731 1.5917 0.3957 0.7392 0.4803
   20  0.7429 2.3989 1.6797 0.3823 0.7142 0.4692
   21  0.7826 2.5271 1.7695 0.3686 0.6888 0.4559
   22  0.8225 2.6561 1.8598 0.3549 0.6631 0.4393
   23  0.8616 2.7821 1.9481 0.3415 0.6381 0.4184
   24  0.8976 2.8985 2.0295 0.3292 0.6150 0.3916
   25  0.9286 2.9986 2.0996 0.3185 0.5951 0.3575
   26  0.9538 3.0801 2.1567 0.3099 0.5789 0.3157
   27  0.9743 3.1464 2.2031 0.3028 0.5658 0.2644
   28  0.9918 3.2029 2.2427 0.2968 0.5545 0.1954


  Total wave drag for block is CDW(tot) =   0.000
  -----------------------------------------------


 LOCK approximate estimate for CDW(tot) =   0.000
 ------------------------------------------------
