   xfusel    yspan       cp      dMACH
   0.000000  0.000001  0.293664 -0.106869
   0.002408  0.000958  0.350994 -0.128824
   0.009607  0.003769  0.706521 -0.280755
   0.021530  0.008241  0.258485 -0.093616
   0.038060  0.014065  0.237059 -0.085618
   0.059039  0.020827  0.136802 -0.048836
   0.084265  0.028026  0.040317 -0.014259
   0.113495  0.035093 -0.039637  0.013928
   0.146447  0.041421 -0.108892  0.038079
   0.182803  0.046388 -0.157964  0.055077
   0.222215  0.049382 -0.178667  0.062224
   0.264302  0.050000 -0.093421  0.032702
   0.308658  0.050000 -0.041882  0.014714
   0.354858  0.050000  0.005374 -0.001895
   0.402455  0.050000 -0.007658  0.002697
   0.450991  0.050000 -0.011166  0.003932
   0.500000  0.050000 -0.011301  0.003980
   0.549009  0.050000 -0.007205  0.002538
   0.597545  0.050000 -0.037295  0.013107
   0.645142  0.050000 -0.067439  0.023649
   0.691342  0.049302 -0.106444  0.037229
   0.735698  0.047002 -0.098577  0.034495
   0.777785  0.043335 -0.078532  0.027518
   0.817197  0.038590 -0.048870  0.017160
   0.853553  0.033088 -0.011181  0.003937
   0.886505  0.027169  0.033125 -0.011708
   0.915735  0.021178  0.079367 -0.028170
   0.940961  0.015446  0.137859 -0.049219
   0.961940  0.010283  0.205689 -0.074000
   0.978470  0.005962  0.179666 -0.064441
   0.990393  0.002707  0.499247 -0.188180
   0.997592  0.000686  0.214942 -0.077416
   1.000000  0.000001  0.180758 -0.064841
   0.000000  0.322920  0.004384 -0.001546
   0.002408  0.322920  0.004292 -0.001514
   0.009607  0.322920  0.004001 -0.001411
   0.021530  0.322920  0.003458 -0.001219
   0.038060  0.322920  0.002582 -0.000910
   0.059039  0.322920  0.001283 -0.000452
   0.084265  0.322920 -0.000507  0.000178
   0.113495  0.322920 -0.002762  0.000973
   0.146447  0.322920 -0.005301  0.001867
   0.182803  0.322920 -0.007761  0.002733
   0.222215  0.322920 -0.009692  0.003413
   0.264302  0.322920 -0.010763  0.003790
   0.308658  0.322920 -0.010962  0.003860
   0.354858  0.322920 -0.010608  0.003735
   0.402455  0.322920 -0.010135  0.003569
   0.450991  0.322920 -0.009853  0.003470
   0.500000  0.322920 -0.009867  0.003475
   0.549009  0.322920 -0.010111  0.003561
   0.597545  0.322920 -0.010359  0.003648
   0.645142  0.322920 -0.010268  0.003616
   0.691342  0.322920 -0.009517  0.003352
   0.735698  0.322920 -0.007994  0.002816
   0.777785  0.322920 -0.005846  0.002060
   0.817197  0.322920 -0.003402  0.001199
   0.853553  0.322920 -0.001015  0.000358
   0.886505  0.322920  0.001050 -0.000370
   0.915735  0.322920  0.002666 -0.000940
   0.940961  0.322920  0.003825 -0.001349
   0.961940  0.322920  0.004599 -0.001622
   0.978470  0.322920  0.005080 -0.001791
   0.990393  0.322920  0.005358 -0.001890
   0.997592  0.322920  0.005500 -0.001939
   1.000000  0.322920  0.005542 -0.001954
   0.000000  0.348414  0.003383 -0.001193
   0.002408  0.348414  0.003301 -0.001164
   0.009607  0.348414  0.003041 -0.001072
   0.021530  0.348414  0.002566 -0.000905
   0.038060  0.348414  0.001815 -0.000640
   0.059039  0.348414  0.000719 -0.000254
   0.084265  0.348414 -0.000761  0.000268
   0.113495  0.348414 -0.002608  0.000919
   0.146447  0.348414 -0.004684  0.001650
   0.182803  0.348414 -0.006720  0.002367
   0.222215  0.348414 -0.008382  0.002952
   0.264302  0.348414 -0.009410  0.003314
   0.308658  0.348414 -0.009767  0.003440
   0.354858  0.348414 -0.009655  0.003401
   0.402455  0.348414 -0.009381  0.003304
   0.450991  0.348414 -0.009191  0.003237
   0.500000  0.348414 -0.009180  0.003233
   0.549009  0.348414 -0.009298  0.003274
   0.597545  0.348414 -0.009367  0.003299
   0.645142  0.348414 -0.009130  0.003216
   0.691342  0.348414 -0.008363  0.002946
   0.735698  0.348414 -0.006997  0.002464
   0.777785  0.348414 -0.005159  0.001818
   0.817197  0.348414 -0.003105  0.001094
   0.853553  0.348414 -0.001109  0.000391
   0.886505  0.348414  0.000624 -0.000220
   0.915735  0.348414  0.001994 -0.000703
   0.940961  0.348414  0.002996 -0.001056
   0.961940  0.348414  0.003681 -0.001298
   0.978470  0.348414  0.004120 -0.001453
   0.990393  0.348414  0.004383 -0.001545
   0.997592  0.348414  0.004518 -0.001593
   1.000000  0.348414  0.004560 -0.001608
   0.000000  0.373907  0.002599 -0.000916
   0.002408  0.373907  0.002526 -0.000891
   0.009607  0.373907  0.002294 -0.000809
   0.021530  0.373907  0.001878 -0.000662
   0.038060  0.373907  0.001230 -0.000434
   0.059039  0.373907  0.000302 -0.000107
   0.084265  0.373907 -0.000937  0.000330
   0.113495  0.373907 -0.002467  0.000869
   0.146447  0.373907 -0.004185  0.001474
   0.182803  0.373907 -0.005890  0.002075
   0.222215  0.373907 -0.007328  0.002581
   0.264302  0.373907 -0.008296  0.002922
   0.308658  0.373907 -0.008743  0.003079
   0.354858  0.373907 -0.008793  0.003097
   0.402455  0.373907 -0.008666  0.003052
   0.450991  0.373907 -0.008548  0.003011
   0.500000  0.373907 -0.008520  0.003001
   0.549009  0.373907 -0.008548  0.003011
   0.597545  0.373907 -0.008494  0.002991
   0.645142  0.373907 -0.008166  0.002876
   0.691342  0.373907 -0.007408  0.002609
   0.735698  0.373907 -0.006183  0.002178
   0.777785  0.373907 -0.004598  0.001620
   0.817197  0.373907 -0.002857  0.001006
   0.853553  0.373907 -0.001172  0.000413
   0.886505  0.373907  0.000295 -0.000104
   0.915735  0.373907  0.001468 -0.000517
   0.940961  0.373907  0.002338 -0.000824
   0.961940  0.373907  0.002945 -0.001038
   0.978470  0.373907  0.003345 -0.001179
   0.990393  0.373907  0.003589 -0.001266
   0.997592  0.373907  0.003719 -0.001311
   1.000000  0.373907  0.003760 -0.001326
   0.000000  0.399401  0.001981 -0.000699
   0.002408  0.399401  0.001915 -0.000675
   0.009607  0.399401  0.001710 -0.000603
   0.021530  0.399401  0.001345 -0.000474
   0.038060  0.399401  0.000783 -0.000276
   0.059039  0.399401 -0.000010  0.000003
   0.084265  0.399401 -0.001056  0.000372
   0.113495  0.399401 -0.002338  0.000824
   0.146447  0.399401 -0.003776  0.001330
   0.182803  0.399401 -0.005217  0.001838
   0.222215  0.399401 -0.006469  0.002279
   0.264302  0.399401 -0.007368  0.002595
   0.308658  0.399401 -0.007860  0.002769
   0.354858  0.399401 -0.008018  0.002824
   0.402455  0.399401 -0.007994  0.002816
   0.450991  0.399401 -0.007930  0.002793
   0.500000  0.399401 -0.007894  0.002780
   0.549009  0.399401 -0.007859  0.002768
   0.597545  0.399401 -0.007722  0.002720
   0.645142  0.399401 -0.007342  0.002586
   0.691342  0.399401 -0.006609  0.002328
   0.735698  0.399401 -0.005509  0.001941
   0.777785  0.399401 -0.004133  0.001456
   0.817197  0.399401 -0.002645  0.000932
   0.853553  0.399401 -0.001212  0.000427
   0.886505  0.399401  0.000041 -0.000015
   0.915735  0.399401  0.001051 -0.000371
   0.940961  0.399401  0.001812 -0.000639
   0.961940  0.399401  0.002352 -0.000829
   0.978470  0.399401  0.002713 -0.000957
   0.990393  0.399401  0.002940 -0.001036
   0.997592  0.399401  0.003062 -0.001080
   1.000000  0.399401  0.003100 -0.001093
   0.000000  0.424895  0.001489 -0.000525
   0.002408  0.424895  0.001431 -0.000505
   0.009607  0.424895  0.001249 -0.000440
   0.021530  0.424895  0.000925 -0.000326
   0.038060  0.424895  0.000437 -0.000154
   0.059039  0.424895 -0.000244  0.000086
   0.084265  0.424895 -0.001135  0.000400
   0.113495  0.424895 -0.002219  0.000782
   0.146447  0.424895 -0.003435  0.001210
   0.182803  0.424895 -0.004665  0.001643
   0.222215  0.424895 -0.005759  0.002028
   0.264302  0.424895 -0.006587  0.002320
   0.308658  0.424895 -0.007094  0.002499
   0.354858  0.424895 -0.007320  0.002578
   0.402455  0.424895 -0.007369  0.002596
   0.450991  0.424895 -0.007346  0.002588
   0.500000  0.424895 -0.007305  0.002573
   0.549009  0.424895 -0.007228  0.002546
   0.597545  0.424895 -0.007037  0.002479
   0.645142  0.424895 -0.006630  0.002336
   0.691342  0.424895 -0.005933  0.002090
   0.735698  0.424895 -0.004944  0.001742
   0.777785  0.424895 -0.003744  0.001319
   0.817197  0.424895 -0.002462  0.000867
   0.853553  0.424895 -0.001233  0.000434
   0.886505  0.424895 -0.000155  0.000055
   0.915735  0.424895  0.000721 -0.000254
   0.940961  0.424895  0.001389 -0.000490
   0.961940  0.424895  0.001869 -0.000659
   0.978470  0.424895  0.002197 -0.000775
   0.990393  0.424895  0.002406 -0.000848
   0.997592  0.424895  0.002520 -0.000889
   1.000000  0.424895  0.002555 -0.000901
   0.000000  0.450388  0.001096 -0.000387
   0.002408  0.450388  0.001044 -0.000368
   0.009607  0.450388  0.000882 -0.000311
   0.021530  0.450388  0.000598 -0.000211
   0.038060  0.450388  0.000171 -0.000060
   0.059039  0.450388 -0.000420  0.000148
   0.084265  0.450388 -0.001184  0.000417
   0.113495  0.450388 -0.002109  0.000743
   0.146447  0.450388 -0.003146  0.001109
   0.182803  0.450388 -0.004204  0.001481
   0.222215  0.450388 -0.005165  0.001820
   0.264302  0.450388 -0.005924  0.002087
   0.308658  0.450388 -0.006427  0.002264
   0.354858  0.450388 -0.006692  0.002357
   0.402455  0.450388 -0.006790  0.002392
   0.450991  0.450388 -0.006798  0.002395
   0.500000  0.450388 -0.006756  0.002380
   0.549009  0.450388 -0.006651  0.002343
   0.597545  0.450388 -0.006428  0.002264
   0.645142  0.450388 -0.006013  0.002118
   0.691342  0.450388 -0.005356  0.001887
   0.735698  0.450388 -0.004467  0.001574
   0.777785  0.450388 -0.003413  0.001203
   0.817197  0.450388 -0.002302  0.000811
   0.853553  0.450388 -0.001240  0.000437
   0.886505  0.450388 -0.000307  0.000108
   0.915735  0.450388  0.000457 -0.000161
   0.940961  0.450388  0.001046 -0.000369
   0.961940  0.450388  0.001476 -0.000520
   0.978470  0.450388  0.001774 -0.000625
   0.990393  0.450388  0.001964 -0.000693
   0.997592  0.450388  0.002070 -0.000730
   1.000000  0.450388  0.002104 -0.000742
   0.000000  0.475882  0.000782 -0.000276
   0.002408  0.475882  0.000735 -0.000259
   0.009607  0.475882  0.000590 -0.000208
   0.021530  0.475882  0.000339 -0.000119
   0.038060  0.475882 -0.000037  0.000013
   0.059039  0.475882 -0.000551  0.000194
   0.084265  0.475882 -0.001211  0.000427
   0.113495  0.475882 -0.002007  0.000707
   0.146447  0.475882 -0.002899  0.001021
   0.182803  0.475882 -0.003815  0.001344
   0.222215  0.475882 -0.004663  0.001643
   0.264302  0.475882 -0.005355  0.001887
   0.308658  0.475882 -0.005842  0.002058
   0.354858  0.475882 -0.006128  0.002159
   0.402455  0.475882 -0.006258  0.002204
   0.450991  0.475882 -0.006287  0.002215
   0.500000  0.475882 -0.006245  0.002200
   0.549009  0.475882 -0.006125  0.002158
   0.597545  0.475882 -0.005885  0.002073
   0.645142  0.475882 -0.005473  0.001928
   0.691342  0.475882 -0.004860  0.001712
   0.735698  0.475882 -0.004059  0.001430
   0.777785  0.475882 -0.003130  0.001103
   0.817197  0.475882 -0.002161  0.000761
   0.853553  0.475882 -0.001237  0.000436
   0.886505  0.475882 -0.000424  0.000149
   0.915735  0.475882  0.000245 -0.000087
   0.940961  0.475882  0.000767 -0.000271
   0.961940  0.475882  0.001153 -0.000407
   0.978470  0.475882  0.001422 -0.000502
   0.990393  0.475882  0.001597 -0.000563
   0.997592  0.475882  0.001696 -0.000598
   1.000000  0.475882  0.001727 -0.000609
   0.000000  0.501376  0.000528 -0.000186
   0.002408  0.501376  0.000485 -0.000171
   0.009607  0.501376  0.000357 -0.000126
   0.021530  0.501376  0.000133 -0.000047
   0.038060  0.501376 -0.000198  0.000069
   0.059039  0.501376 -0.000648  0.000228
   0.084265  0.501376 -0.001222  0.000431
   0.113495  0.501376 -0.001912  0.000674
   0.146447  0.501376 -0.002685  0.000946
   0.182803  0.501376 -0.003483  0.001227
   0.222215  0.501376 -0.004233  0.001491
   0.264302  0.501376 -0.004863  0.001713
   0.308658  0.501376 -0.005327  0.001877
   0.354858  0.501376 -0.005620  0.001980
   0.402455  0.501376 -0.005769  0.002032
   0.450991  0.501376 -0.005813  0.002048
   0.500000  0.501376 -0.005773  0.002033
   0.549009  0.501376 -0.005645  0.001988
   0.597545  0.501376 -0.005398  0.001902
   0.645142  0.501376 -0.004999  0.001761
   0.691342  0.501376 -0.004429  0.001560
   0.735698  0.501376 -0.003707  0.001306
   0.777785  0.501376 -0.002884  0.001016
   0.817197  0.501376 -0.002034  0.000716
   0.853553  0.501376 -0.001227  0.000432
   0.886505  0.501376 -0.000514  0.000181
   0.915735  0.501376  0.000078 -0.000027
   0.940961  0.501376  0.000541 -0.000191
   0.961940  0.501376  0.000886 -0.000312
   0.978470  0.501376  0.001131 -0.000399
   0.990393  0.501376  0.001292 -0.000456
   0.997592  0.501376  0.001383 -0.000488
   1.000000  0.501376  0.001412 -0.000498
   0.000000  0.526870  0.000322 -0.000114
   0.002408  0.526870  0.000285 -0.000101
   0.009607  0.526870  0.000169 -0.000060
   0.021530  0.526870 -0.000030  0.000010
   0.038060  0.526870 -0.000323  0.000114
   0.059039  0.526870 -0.000719  0.000253
   0.084265  0.526870 -0.001222  0.000430
   0.113495  0.526870 -0.001823  0.000642
   0.146447  0.526870 -0.002496  0.000879
   0.182803  0.526870 -0.003196  0.001126
   0.222215  0.526870 -0.003863  0.001361
   0.264302  0.526870 -0.004435  0.001562
   0.308658  0.526870 -0.004872  0.001716
   0.354858  0.526870 -0.005163  0.001819
   0.402455  0.526870 -0.005322  0.001875
   0.450991  0.526870 -0.005375  0.001894
   0.500000  0.526870 -0.005337  0.001880
   0.549009  0.526870 -0.005206  0.001834
   0.597545  0.526870 -0.004960  0.001747
   0.645142  0.526870 -0.004579  0.001613
   0.691342  0.526870 -0.004052  0.001428
   0.735698  0.526870 -0.003401  0.001198
   0.777785  0.526870 -0.002670  0.000940
   0.817197  0.526870 -0.001920  0.000677
   0.853553  0.526870 -0.001210  0.000426
   0.886505  0.526870 -0.000582  0.000205
   0.915735  0.526870 -0.000058  0.000020
   0.940961  0.526870  0.000356 -0.000125
   0.961940  0.526870  0.000667 -0.000235
   0.978470  0.526870  0.000889 -0.000313
   0.990393  0.526870  0.001037 -0.000366
   0.997592  0.526870  0.001120 -0.000395
   1.000000  0.526870  0.001147 -0.000405
   0.000000  0.552363  0.000157 -0.000055
   0.002408  0.552363  0.000123 -0.000043
   0.009607  0.552363  0.000020 -0.000007
   0.021530  0.552363 -0.000159  0.000056
   0.038060  0.552363 -0.000420  0.000148
   0.059039  0.552363 -0.000770  0.000271
   0.084265  0.552363 -0.001212  0.000427
   0.113495  0.552363 -0.001739  0.000613
   0.146447  0.552363 -0.002330  0.000821
   0.182803  0.552363 -0.002947  0.001038
   0.222215  0.552363 -0.003540  0.001247
   0.264302  0.552363 -0.004060  0.001430
   0.308658  0.552363 -0.004467  0.001574
   0.354858  0.552363 -0.004750  0.001673
   0.402455  0.552363 -0.004912  0.001730
   0.450991  0.552363 -0.004971  0.001751
   0.500000  0.552363 -0.004936  0.001739
   0.549009  0.552363 -0.004806  0.001693
   0.597545  0.552363 -0.004567  0.001609
   0.645142  0.552363 -0.004206  0.001482
   0.691342  0.552363 -0.003721  0.001311
   0.735698  0.552363 -0.003131  0.001103
   0.777785  0.552363 -0.002480  0.000874
   0.817197  0.552363 -0.001816  0.000640
   0.853553  0.552363 -0.001188  0.000419
   0.886505  0.552363 -0.000633  0.000223
   0.915735  0.552363 -0.000167  0.000059
   0.940961  0.552363  0.000203 -0.000072
   0.961940  0.552363  0.000484 -0.000171
   0.978470  0.552363  0.000687 -0.000242
   0.990393  0.552363  0.000823 -0.000290
   0.997592  0.552363  0.000899 -0.000317
   1.000000  0.552363  0.000924 -0.000326
   0.000000  0.577857  0.000023 -0.000008
   0.002408  0.577857 -0.000008  0.000003
   0.009607  0.577857 -0.000102  0.000036
   0.021530  0.577857 -0.000262  0.000092
   0.038060  0.577857 -0.000494  0.000174
   0.059039  0.577857 -0.000806  0.000284
   0.084265  0.577857 -0.001196  0.000421
   0.113495  0.577857 -0.001661  0.000585
   0.146447  0.577857 -0.002181  0.000769
   0.182803  0.577857 -0.002727  0.000961
   0.222215  0.577857 -0.003257  0.001147
   0.264302  0.577857 -0.003728  0.001313
   0.308658  0.577857 -0.004107  0.001447
   0.354858  0.577857 -0.004377  0.001542
   0.402455  0.577857 -0.004538  0.001599
   0.450991  0.577857 -0.004599  0.001620
   0.500000  0.577857 -0.004567  0.001609
   0.549009  0.577857 -0.004441  0.001565
   0.597545  0.577857 -0.004212  0.001484
   0.645142  0.577857 -0.003873  0.001364
   0.691342  0.577857 -0.003427  0.001208
   0.735698  0.577857 -0.002895  0.001020
   0.777785  0.577857 -0.002311  0.000814
   0.817197  0.577857 -0.001721  0.000606
   0.853553  0.577857 -0.001164  0.000410
   0.886505  0.577857 -0.000670  0.000236
   0.915735  0.577857 -0.000254  0.000089
   0.940961  0.577857  0.000079 -0.000028
   0.961940  0.577857  0.000333 -0.000118
   0.978470  0.577857  0.000518 -0.000183
   0.990393  0.577857  0.000642 -0.000226
   0.997592  0.577857  0.000713 -0.000251
   1.000000  0.577857  0.000736 -0.000260
   0.000000  0.603351 -0.000087  0.000030
   0.002408  0.603351 -0.000114  0.000040
   0.009607  0.603351 -0.000198  0.000069
   0.021530  0.603351 -0.000342  0.000120
   0.038060  0.603351 -0.000551  0.000194
   0.059039  0.603351 -0.000828  0.000292
   0.084265  0.603351 -0.001175  0.000414
   0.113495  0.603351 -0.001586  0.000559
   0.146447  0.603351 -0.002047  0.000721
   0.182803  0.603351 -0.002532  0.000892
   0.222215  0.603351 -0.003007  0.001060
   0.264302  0.603351 -0.003434  0.001210
   0.308658  0.603351 -0.003784  0.001333
   0.354858  0.603351 -0.004039  0.001423
   0.402455  0.603351 -0.004197  0.001478
   0.450991  0.603351 -0.004258  0.001500
   0.500000  0.603351 -0.004229  0.001490
   0.549009  0.603351 -0.004109  0.001448
   0.597545  0.603351 -0.003891  0.001371
   0.645142  0.603351 -0.003574  0.001259
   0.691342  0.603351 -0.003165  0.001115
   0.735698  0.603351 -0.002683  0.000945
   0.777785  0.603351 -0.002160  0.000761
   0.817197  0.603351 -0.001633  0.000575
   0.853553  0.603351 -0.001137  0.000401
   0.886505  0.603351 -0.000696  0.000245
   0.915735  0.603351 -0.000323  0.000114
   0.940961  0.603351 -0.000023  0.000008
   0.961940  0.603351  0.000208 -0.000073
   0.978470  0.603351  0.000377 -0.000133
   0.990393  0.603351  0.000490 -0.000173
   0.997592  0.603351  0.000556 -0.000196
   1.000000  0.603351  0.000577 -0.000204
   0.000000  0.628844 -0.000175  0.000062
   0.002408  0.628844 -0.000200  0.000070
   0.009607  0.628844 -0.000276  0.000097
   0.021530  0.628844 -0.000405  0.000143
   0.038060  0.628844 -0.000593  0.000209
   0.059039  0.628844 -0.000841  0.000296
   0.084265  0.628844 -0.001150  0.000405
   0.113495  0.628844 -0.001516  0.000534
   0.146447  0.628844 -0.001926  0.000679
   0.182803  0.628844 -0.002358  0.000831
   0.222215  0.628844 -0.002784  0.000981
   0.264302  0.628844 -0.003172  0.001118
   0.308658  0.628844 -0.003494  0.001231
   0.354858  0.628844 -0.003734  0.001316
   0.402455  0.628844 -0.003884  0.001368
   0.450991  0.628844 -0.003945  0.001390
   0.500000  0.628844 -0.003919  0.001381
   0.549009  0.628844 -0.003805  0.001341
   0.597545  0.628844 -0.003600  0.001268
   0.645142  0.628844 -0.003306  0.001165
   0.691342  0.628844 -0.002931  0.001032
   0.735698  0.628844 -0.002494  0.000878
   0.777785  0.628844 -0.002024  0.000713
   0.817197  0.628844 -0.001552  0.000547
   0.853553  0.628844 -0.001108  0.000391
   0.886505  0.628844 -0.000713  0.000251
   0.915735  0.628844 -0.000378  0.000133
   0.940961  0.628844 -0.000106  0.000037
   0.961940  0.628844  0.000103 -0.000036
   0.978470  0.628844  0.000257 -0.000091
   0.990393  0.628844  0.000363 -0.000128
   0.997592  0.628844  0.000422 -0.000149
   1.000000  0.628844  0.000442 -0.000156
   0.000000  0.654338 -0.000245  0.000086
   0.002408  0.654338 -0.000268  0.000094
   0.009607  0.654338 -0.000337  0.000119
   0.021530  0.654338 -0.000454  0.000160
   0.038060  0.654338 -0.000623  0.000219
   0.059039  0.654338 -0.000846  0.000298
   0.084265  0.654338 -0.001122  0.000396
   0.113495  0.654338 -0.001449  0.000511
   0.146447  0.654338 -0.001815  0.000639
   0.182803  0.654338 -0.002202  0.000776
   0.222215  0.654338 -0.002585  0.000911
   0.264302  0.654338 -0.002937  0.001035
   0.308658  0.654338 -0.003233  0.001139
   0.354858  0.654338 -0.003457  0.001218
   0.402455  0.654338 -0.003599  0.001268
   0.450991  0.654338 -0.003658  0.001289
   0.500000  0.654338 -0.003634  0.001280
   0.549009  0.654338 -0.003527  0.001243
   0.597545  0.654338 -0.003335  0.001175
   0.645142  0.654338 -0.003063  0.001079
   0.691342  0.654338 -0.002720  0.000958
   0.735698  0.654338 -0.002324  0.000819
   0.777785  0.654338 -0.001900  0.000669
   0.817197  0.654338 -0.001477  0.000520
   0.853553  0.654338 -0.001078  0.000380
   0.886505  0.654338 -0.000723  0.000254
   0.915735  0.654338 -0.000420  0.000148
   0.940961  0.654338 -0.000175  0.000062
   0.961940  0.654338  0.000017 -0.000006
   0.978470  0.654338  0.000158 -0.000056
   0.990393  0.654338  0.000254 -0.000090
   0.997592  0.654338  0.000309 -0.000109
   1.000000  0.654338  0.000327 -0.000116
   0.000000  0.679832 -0.000303  0.000106
   0.002408  0.679832 -0.000323  0.000114
   0.009607  0.679832 -0.000385  0.000136
   0.021530  0.679832 -0.000492  0.000173
   0.038060  0.679832 -0.000644  0.000227
   0.059039  0.679832 -0.000844  0.000298
   0.084265  0.679832 -0.001093  0.000385
   0.113495  0.679832 -0.001386  0.000488
   0.146447  0.679832 -0.001714  0.000604
   0.182803  0.679832 -0.002061  0.000726
   0.222215  0.679832 -0.002405  0.000848
   0.264302  0.679832 -0.002725  0.000960
   0.308658  0.679832 -0.002996  0.001056
   0.354858  0.679832 -0.003204  0.001129
   0.402455  0.679832 -0.003339  0.001176
   0.450991  0.679832 -0.003395  0.001196
   0.500000  0.679832 -0.003373  0.001189
   0.549009  0.679832 -0.003273  0.001153
   0.597545  0.679832 -0.003095  0.001090
   0.645142  0.679832 -0.002843  0.001002
   0.691342  0.679832 -0.002529  0.000891
   0.735698  0.679832 -0.002170  0.000765
   0.777785  0.679832 -0.001787  0.000630
   0.817197  0.679832 -0.001406  0.000495
   0.853553  0.679832 -0.001047  0.000369
   0.886505  0.679832 -0.000727  0.000256
   0.915735  0.679832 -0.000453  0.000159
   0.940961  0.679832 -0.000231  0.000081
   0.961940  0.679832 -0.000056  0.000019
   0.978470  0.679832  0.000073 -0.000026
   0.990393  0.679832  0.000162 -0.000057
   0.997592  0.679832  0.000213 -0.000075
   1.000000  0.679832  0.000230 -0.000081
   0.000000  0.705325 -0.000348  0.000122
   0.002408  0.705325 -0.000366  0.000129
   0.009607  0.705325 -0.000423  0.000149
   0.021530  0.705325 -0.000520  0.000183
   0.038060  0.705325 -0.000657  0.000232
   0.059039  0.705325 -0.000839  0.000296
   0.084265  0.705325 -0.001063  0.000375
   0.113495  0.705325 -0.001326  0.000467
   0.146447  0.705325 -0.001620  0.000571
   0.182803  0.705325 -0.001932  0.000681
   0.222215  0.705325 -0.002243  0.000790
   0.264302  0.705325 -0.002534  0.000893
   0.308658  0.705325 -0.002783  0.000980
   0.354858  0.705325 -0.002975  0.001048
   0.402455  0.705325 -0.003100  0.001092
   0.450991  0.705325 -0.003154  0.001111
   0.500000  0.705325 -0.003134  0.001104
   0.549009  0.705325 -0.003041  0.001072
   0.597545  0.705325 -0.002876  0.001013
   0.645142  0.705325 -0.002644  0.000932
   0.691342  0.705325 -0.002357  0.000830
   0.735698  0.705325 -0.002030  0.000715
   0.777785  0.705325 -0.001683  0.000593
   0.817197  0.705325 -0.001339  0.000472
   0.853553  0.705325 -0.001016  0.000358
   0.886505  0.705325 -0.000726  0.000255
   0.915735  0.705325 -0.000478  0.000168
   0.940961  0.705325 -0.000275  0.000097
   0.961940  0.705325 -0.000116  0.000041
   0.978470  0.705325  0.000003 -0.000001
   0.990393  0.705325  0.000085 -0.000030
   0.997592  0.705325  0.000133 -0.000047
   1.000000  0.705325  0.000148 -0.000052
   0.000000  0.730819 -0.000383  0.000135
   0.002408  0.730819 -0.000400  0.000141
   0.009607  0.730819 -0.000452  0.000159
   0.021530  0.730819 -0.000540  0.000190
   0.038060  0.730819 -0.000665  0.000234
   0.059039  0.730819 -0.000829  0.000292
   0.084265  0.730819 -0.001031  0.000363
   0.113495  0.730819 -0.001269  0.000447
   0.146447  0.730819 -0.001534  0.000541
   0.182803  0.730819 -0.001815  0.000639
   0.222215  0.730819 -0.002097  0.000739
   0.264302  0.730819 -0.002360  0.000832
   0.308658  0.730819 -0.002588  0.000912
   0.354858  0.730819 -0.002765  0.000974
   0.402455  0.730819 -0.002882  0.001015
   0.450991  0.730819 -0.002933  0.001033
   0.500000  0.730819 -0.002914  0.001027
   0.549009  0.730819 -0.002828  0.000997
   0.597545  0.730819 -0.002675  0.000942
   0.645142  0.730819 -0.002463  0.000867
   0.691342  0.730819 -0.002200  0.000775
   0.735698  0.730819 -0.001903  0.000670
   0.777785  0.730819 -0.001588  0.000560
   0.817197  0.730819 -0.001277  0.000450
   0.853553  0.730819 -0.000984  0.000347
   0.886505  0.730819 -0.000722  0.000254
   0.915735  0.730819 -0.000496  0.000174
   0.940961  0.730819 -0.000311  0.000109
   0.961940  0.730819 -0.000165  0.000058
   0.978470  0.730819 -0.000056  0.000019
   0.990393  0.730819  0.000020 -0.000007
   0.997592  0.730819  0.000064 -0.000023
   1.000000  0.730819  0.000078 -0.000027
   0.000000  0.756313 -0.000411  0.000145
   0.002408  0.756313 -0.000426  0.000150
   0.009607  0.756313 -0.000473  0.000166
   0.021530  0.756313 -0.000554  0.000195
   0.038060  0.756313 -0.000668  0.000235
   0.059039  0.756313 -0.000817  0.000288
   0.084265  0.756313 -0.000999  0.000352
   0.113495  0.756313 -0.001214  0.000428
   0.146447  0.756313 -0.001453  0.000512
   0.182803  0.756313 -0.001707  0.000602
   0.222215  0.756313 -0.001963  0.000692
   0.264302  0.756313 -0.002202  0.000776
   0.308658  0.756313 -0.002411  0.000850
   0.354858  0.756313 -0.002574  0.000907
   0.402455  0.756313 -0.002682  0.000945
   0.450991  0.756313 -0.002730  0.000962
   0.500000  0.756313 -0.002713  0.000956
   0.549009  0.756313 -0.002633  0.000928
   0.597545  0.756313 -0.002493  0.000878
   0.645142  0.756313 -0.002297  0.000809
   0.691342  0.756313 -0.002056  0.000724
   0.735698  0.756313 -0.001786  0.000629
   0.777785  0.756313 -0.001501  0.000529
   0.817197  0.756313 -0.001218  0.000429
   0.853553  0.756313 -0.000953  0.000336
   0.886505  0.756313 -0.000714  0.000251
   0.915735  0.756313 -0.000508  0.000179
   0.940961  0.756313 -0.000339  0.000119
   0.961940  0.756313 -0.000205  0.000072
   0.978470  0.756313 -0.000104  0.000037
   0.990393  0.756313 -0.000035  0.000012
   0.997592  0.756313  0.000006 -0.000002
   1.000000  0.756313  0.000019 -0.000007
   0.000000  0.781807 -0.000432  0.000152
   0.002408  0.781807 -0.000446  0.000157
   0.009607  0.781807 -0.000489  0.000172
   0.021530  0.781807 -0.000562  0.000198
   0.038060  0.781807 -0.000666  0.000235
   0.059039  0.781807 -0.000802  0.000283
   0.084265  0.781807 -0.000968  0.000341
   0.113495  0.781807 -0.001162  0.000409
   0.146447  0.781807 -0.001379  0.000486
   0.182803  0.781807 -0.001609  0.000567
   0.222215  0.781807 -0.001841  0.000648
   0.264302  0.781807 -0.002059  0.000725
   0.308658  0.781807 -0.002249  0.000792
   0.354858  0.781807 -0.002399  0.000845
   0.402455  0.781807 -0.002499  0.000880
   0.450991  0.781807 -0.002543  0.000896
   0.500000  0.781807 -0.002528  0.000891
   0.549009  0.781807 -0.002455  0.000865
   0.597545  0.781807 -0.002325  0.000819
   0.645142  0.781807 -0.002145  0.000756
   0.691342  0.781807 -0.001925  0.000678
   0.735698  0.781807 -0.001679  0.000591
   0.777785  0.781807 -0.001419  0.000500
   0.817197  0.781807 -0.001163  0.000410
   0.853553  0.781807 -0.000921  0.000324
   0.886505  0.781807 -0.000704  0.000248
   0.915735  0.781807 -0.000517  0.000182
   0.940961  0.781807 -0.000362  0.000127
   0.961940  0.781807 -0.000238  0.000084
   0.978470  0.781807 -0.000146  0.000051
   0.990393  0.781807 -0.000081  0.000028
   0.997592  0.781807 -0.000044  0.000015
   1.000000  0.781807 -0.000031  0.000011
   0.000000  0.807300 -0.000446  0.000157
   0.002408  0.807300 -0.000460  0.000162
   0.009607  0.807300 -0.000500  0.000176
   0.021530  0.807300 -0.000567  0.000200
   0.038060  0.807300 -0.000662  0.000233
   0.059039  0.807300 -0.000785  0.000277
   0.084265  0.807300 -0.000936  0.000330
   0.113495  0.807300 -0.001113  0.000392
   0.146447  0.807300 -0.001309  0.000461
   0.182803  0.807300 -0.001518  0.000535
   0.222215  0.807300 -0.001729  0.000609
   0.264302  0.807300 -0.001927  0.000679
   0.308658  0.807300 -0.002101  0.000740
   0.354858  0.807300 -0.002239  0.000789
   0.402455  0.807300 -0.002331  0.000821
   0.450991  0.807300 -0.002372  0.000836
   0.500000  0.807300 -0.002358  0.000831
   0.549009  0.807300 -0.002290  0.000807
   0.597545  0.807300 -0.002171  0.000765
   0.645142  0.807300 -0.002006  0.000707
   0.691342  0.807300 -0.001805  0.000636
   0.735698  0.807300 -0.001580  0.000557
   0.777785  0.807300 -0.001344  0.000474
   0.817197  0.807300 -0.001110  0.000391
   0.853553  0.807300 -0.000890  0.000314
   0.886505  0.807300 -0.000692  0.000243
   0.915735  0.807300 -0.000521  0.000183
   0.940961  0.807300 -0.000379  0.000133
   0.961940  0.807300 -0.000265  0.000093
   0.978470  0.807300 -0.000180  0.000063
   0.990393  0.807300 -0.000120  0.000042
   0.997592  0.807300 -0.000085  0.000030
   1.000000  0.807300 -0.000073  0.000026
