Force Coefficients for group 1 --> C:\Users\lhuir\PycharmProjects\DSEGroup17b\data\aircraft_model_VSPGeom 

   Time        Cx         Cy         Cz        Cxo        Cyo        Czo        Cxi        Cyi        Czi        Cmx        Cmy        Cmz        Cmxo       Cmyo       Cmzo       Cmxi       Cmyi       Cmzi        CL         CD         CS        CLo        CDo        CSo        CLi        CDi        CSi 
   1.00000   -0.51978    0.00291   -0.02029    0.00898    0.00016    0.00043   -0.52875    0.00276   -0.02072    0.10078    0.38869   -0.02015    0.00000   -0.00006    0.00019    0.10077    0.38875   -0.02034    0.07028   -0.51540    0.00291   -0.00113    0.00892    0.00016    0.07141   -0.52432    0.00276 
   2.00000   -0.54140    0.03759    0.08693    0.00851    0.00032    0.00048   -0.54991    0.03728    0.08645    0.06912    0.25429   -0.00522   -0.00000   -0.00013   -0.00004    0.06912    0.25442   -0.00518    0.17962   -0.51808    0.03759   -0.00101    0.00846    0.00032    0.18063   -0.52654    0.03728 
   3.00000   -0.49838    0.01973    0.16102    0.00802    0.00037    0.00044   -0.50640    0.01936    0.16058    0.05730    0.14664   -0.01733    0.00000   -0.00008   -0.00002    0.05730    0.14673   -0.01731    0.24512   -0.46284    0.01973   -0.00096    0.00798    0.00037    0.24607   -0.47082    0.01936 
   4.00000   -0.50051    0.02011    0.15270    0.00791    0.00038    0.00041   -0.50842    0.01973    0.15228    0.04963    0.15258   -0.01435    0.00000   -0.00000    0.00005    0.04963    0.15258   -0.01440    0.23729   -0.46639    0.02011   -0.00097    0.00786    0.00038    0.23826   -0.47425    0.01973 
   5.00000   -0.50121    0.02833    0.09121    0.00803    0.00035    0.00037   -0.50925    0.02798    0.09084    0.06027    0.24981   -0.01268    0.00000    0.00010    0.00015    0.06027    0.24971   -0.01283    0.17685   -0.47776    0.02833   -0.00103    0.00798    0.00035    0.17789   -0.48574    0.02798 


Average over last full revolution: 

   5.00000   -0.50121    0.02833    0.09121    0.00803    0.00035    0.00037   -0.50925    0.02798    0.09084    0.06027    0.24981   -0.01268    0.00000    0.00010    0.00015    0.06027    0.24971   -0.01283    0.17685   -0.47776    0.02833   -0.00103    0.00798    0.00035    0.17789   -0.48574    0.02798 



Average loading for wing surface: 1 --> VSP Surface: 1 ... NOTE: values are per area! 

  Station     S       Chord     Area      V/Vref        Cx            Cy            Cz           Cxo           Cyo           Czo          Cxi            Cyi           Czi           Cl            Cd            Cs            Clo           Cdo           Cso           Cli           Cdi           Csi           Cmx           Cmy           Cmz          Cmxo          Cmyo          Cmzo          Cmxi          Cmyi          Cmzi 
        1   0.00000   1.05025   0.63844   0.72637 -5.560528e-03 -1.932587e-02  9.395967e-02  3.841984e-03  7.377397e-04  5.818260e-04 -9.402512e-03 -2.006361e-02  9.337784e-02  9.349778e-02  1.083987e-02 -1.617896e-02 -9.416678e-05  3.884649e-03  7.377397e-04  9.359195e-02  6.955225e-03 -2.006361e-02  1.276750e-01 -3.231423e-01 -4.761698e-02 -2.277863e-05  1.149325e-03 -1.306898e-03  1.276977e-01 -3.242917e-01 -4.631009e-02 
        2   0.11369   1.15002   0.69925   0.79280 -1.289485e-01 -3.905512e-02  1.392567e-01  4.435810e-03  1.103946e-03  8.866934e-04 -1.333844e-01 -4.015907e-02  1.383700e-01  1.595328e-01 -1.028078e-01 -3.563667e-02  1.029523e-04  4.522392e-03  1.103946e-03  1.594298e-01 -1.073302e-01 -4.015907e-02  1.388925e-01 -4.838020e-01 -1.016461e-02 -3.982891e-05 -8.507715e-05  3.051720e-04  1.389323e-01 -4.837169e-01 -1.046978e-02 
        3   0.22738   1.24981   0.76005   0.71540 -1.139431e-01 -7.861248e-02  1.861466e-01  3.859543e-03  1.178512e-03  8.776751e-04 -1.178026e-01 -7.979099e-02  1.852689e-01  2.031046e-01 -7.988802e-02 -7.583767e-02  1.941387e-04  3.953314e-03  1.178512e-03  2.029105e-01 -8.384134e-02 -7.979099e-02  1.369397e-01 -5.635904e-01 -1.292634e-01 -9.665281e-05 -8.337168e-04  1.544513e-03  1.370363e-01 -5.627567e-01 -1.308079e-01 
        4   0.34107   1.34364   0.74766   0.73277  2.113930e-02 -1.684504e-01  1.364212e-01  4.022666e-03  1.180972e-03  8.493176e-04  1.711663e-02 -1.696314e-01  1.355719e-01  1.306779e-01  4.450744e-02 -1.655224e-01  1.378859e-04  4.109035e-03  1.180972e-03  1.305400e-01  4.039841e-02 -1.696314e-01  9.935688e-02 -3.182216e-01 -4.146308e-01 -1.128244e-04 -1.045133e-03  1.987628e-03  9.946971e-02 -3.171765e-01 -4.166184e-01 
        5   0.45476   1.22488   0.30236   0.80896 -8.819701e-01 -8.434871e-01 -5.844347e-01  3.872609e-03  2.039023e-03  1.400629e-03 -8.858427e-01 -8.455262e-01 -5.858354e-01 -4.224034e-01 -9.700570e-01 -8.414692e-01  7.068792e-04  4.056992e-03  2.039023e-03 -4.231103e-01 -9.741140e-01 -8.455262e-01  5.442565e-02  1.824381e+00 -2.585492e+00 -2.706811e-04 -3.113127e-03  5.280469e-03  5.469633e-02  1.827494e+00 -2.590773e+00 
        6   0.54524   1.22488   0.30236   0.66508 -8.751792e-02  9.482590e-01 -4.155811e-02  6.610591e-03  1.634573e-03 -1.270173e-03 -9.412851e-02  9.466244e-01 -4.028794e-02 -2.572942e-02 -9.340481e-02  9.529140e-01 -2.398793e-03  6.289598e-03  1.634573e-03 -2.333063e-02 -9.969441e-02  9.466244e-01 -1.778847e-01  2.354282e-01  2.977614e+00 -1.949282e-04  5.208203e-03  5.687885e-03 -1.776898e-01  2.302200e-01  2.971926e+00 
        7   0.65893   1.34364   0.74766   0.65805  1.593068e-02  9.341649e-02  1.646915e-01  3.607548e-03  5.696848e-05  3.933582e-07  1.232313e-02  9.335952e-02  1.646911e-01  1.594232e-01  4.428704e-02  9.691232e-02 -6.260567e-04  3.552809e-03  5.696848e-05  1.600492e-01  4.073423e-02  9.335952e-02 -8.209746e-02 -4.073039e-01  2.493323e-01 -1.688235e-05  1.061159e-03  1.147273e-03 -8.208057e-02 -4.083651e-01  2.481850e-01 
        8   0.77262   1.24981   0.76005   0.63822 -2.707083e-04  4.855154e-02  9.477551e-02  3.119135e-03 -2.184051e-04  1.744383e-04 -3.389844e-03  4.876995e-02  9.460108e-02  9.338267e-02  1.619100e-02  5.187199e-02 -3.698439e-04  3.102039e-03 -2.184051e-04  9.375251e-02  1.308896e-02  4.876995e-02 -8.700909e-02 -2.646790e-01  1.425827e-01  1.212735e-05  8.870990e-04  8.938407e-04 -8.702121e-02 -2.655660e-01  1.416888e-01 
        9   0.88631   1.15002   0.69925   0.65712 -2.790403e-03  5.278698e-02  1.045541e-01  3.324193e-03 -3.897037e-04  3.100212e-04 -6.114596e-03  5.317668e-02  1.042440e-01  1.034502e-01  1.540761e-02  5.650421e-02 -2.719289e-04  3.327526e-03 -3.897037e-04  1.037221e-01  1.208009e-02  5.317668e-02 -1.298571e-01 -3.219939e-01  1.657594e-01  1.629579e-05  1.098372e-03  1.205948e-03 -1.298734e-01 -3.230923e-01  1.645534e-01 
       10   1.00000   1.05025   0.63844   0.64349  1.614499e-02  4.425658e-02  1.046703e-01  3.244485e-03 -3.744110e-04  2.967068e-04  1.290050e-02  4.463099e-02  1.043736e-01  1.002766e-01  3.407552e-02  4.787771e-02 -2.711998e-04  3.246717e-03 -3.744110e-04  1.005478e-01  3.082881e-02  4.463099e-02 -1.665002e-01 -3.582863e-01  1.780677e-01  1.006437e-05  1.692131e-03  2.025227e-03 -1.665103e-01 -3.599784e-01  1.760425e-01 



Average loading for wing surface: 2 --> VSP Surface: 2 ... NOTE: values are per area! 

  Station     S       Chord     Area      V/Vref        Cx            Cy            Cz           Cxo           Cyo           Czo          Cxi            Cyi           Czi           Cl            Cd            Cs            Clo           Cdo           Cso           Cli           Cdi           Csi           Cmx           Cmy           Cmz          Cmxo          Cmyo          Cmzo          Cmxi          Cmyi          Cmzi 
        1   0.00000   1.43502   3.06723   0.70493 -1.036737e-01  4.777620e-02  3.259583e-01  4.697191e-03  9.875014e-04  1.616704e-04 -1.083709e-01  4.678870e-02  3.257966e-01  3.390090e-01 -4.549658e-02  5.144261e-02 -6.564444e-04  4.653904e-03  9.875014e-04  3.396654e-01 -5.015048e-02  4.678870e-02  3.835518e-01  1.752317e-02  7.614294e-02  2.027337e-04 -1.666682e-04 -4.872220e-03  3.833490e-01  1.768984e-02  8.101517e-02 
        2   0.50000   1.17185   2.49659   0.75536 -3.057551e-01  6.990897e-02 -5.313685e-04  3.974862e-03  9.015426e-04  1.194393e-04 -3.097299e-01  6.900742e-02 -6.508077e-04  5.257052e-02 -3.012022e-01  7.294264e-02 -5.726028e-04  3.935215e-03  9.015426e-04  5.314312e-02 -3.051375e-01  6.900742e-02 -2.194725e-01  4.948883e-01  8.011086e-01  2.818310e-04 -1.829680e-04 -7.998089e-03 -2.197543e-01  4.950713e-01  8.091067e-01 
        3   1.00000   0.91022   1.92600   0.85266 -6.563473e-01  2.626532e-01  3.751827e-01  6.380967e-03  1.203198e-03  2.641514e-06 -6.627282e-01  2.614500e-01  3.751801e-01  4.834564e-01 -5.812261e-01  2.677344e-01 -1.105442e-03  6.284485e-03  1.203198e-03  4.845618e-01 -5.875105e-01  2.614500e-01  1.772803e+00 -5.180559e-01  3.252349e+00  1.708441e-05 -3.983936e-05 -2.312325e-02  1.772786e+00 -5.180160e-01  3.275472e+00 



Average loading for wing surface: 3 --> VSP Surface: 3 ... NOTE: values are per area! 

  Station     S       Chord     Area      V/Vref        Cx            Cy            Cz           Cxo           Cyo           Czo          Cxi            Cyi           Czi           Cl            Cd            Cs            Clo           Cdo           Cso           Cli           Cdi           Csi           Cmx           Cmy           Cmz          Cmxo          Cmyo          Cmzo          Cmxi          Cmyi          Cmzi 
        1   0.00000   1.43502   3.06723   0.64168 -1.931101e-01  5.245831e-02  2.605071e-02  2.826257e-03 -7.749603e-04  1.535223e-04 -1.959363e-01  5.323327e-02  2.589719e-02  5.918815e-02 -1.856526e-01  5.604325e-02 -3.395844e-04  2.809979e-03 -7.749603e-04  5.952774e-02 -1.884626e-01  5.323327e-02 -9.777392e-02  1.482409e-01 -1.812635e-01 -1.879179e-04 -1.121103e-04  2.893542e-03 -9.758600e-02  1.483530e-01 -1.841570e-01 
        2   0.50000   1.17185   2.49659   0.68288 -5.818940e-01 -8.282223e-02 -3.931142e-01  5.213173e-03 -1.630708e-03  3.139730e-04 -5.871072e-01 -8.119152e-02 -3.934282e-01 -2.860970e-01 -6.413173e-01 -7.600302e-02 -5.960550e-04  5.188494e-03 -1.630708e-03 -2.855010e-01 -6.465058e-01 -8.119152e-02  1.175239e+00  1.040485e+00 -1.533672e+00 -7.262109e-04 -3.772527e-04  1.009856e-02  1.175965e+00  1.040862e+00 -1.543771e+00 
        3   1.00000   0.91022   1.92600   1.00512 -6.192549e-01 -2.175541e-01 -1.404915e-01  7.301389e-03 -1.999581e-04 -2.516102e-04 -6.265563e-01 -2.173542e-01 -1.402399e-01 -3.082468e-02 -6.342431e-01 -2.102074e-01 -1.515661e-03  7.146773e-03 -1.999581e-04 -2.930902e-02 -6.413899e-01 -2.173542e-01  2.083391e-01  5.768253e-01 -2.786170e+00  1.001523e-03  4.419178e-04  2.871163e-02  2.073376e-01  5.763834e-01 -2.814882e+00 



Time history of loading for wing surface: 1 --> VSP Surface: 1 ... NOTE: values per area! 

  Station    Time       S       Chord     Area      V/Vref        Cx            Cy            Cz           Cxo           Cyo           Czo          Cxi            Cyi           Czi           Cl            Cd            Cs            Clo           Cdo           Cso           Cli           Cdi           Csi           Cmx           Cmy           Cmz          Cmxo          Cmyo          Cmzo          Cmxi          Cmyi          Cmzi 
        1   0.00000   0.00000   1.05025   0.63844   0.72637 -5.560528e-03 -1.932587e-02  9.395967e-02  3.841984e-03  7.377397e-04  5.818260e-04 -9.402512e-03 -2.006361e-02  9.337784e-02  9.349778e-02  1.083987e-02 -1.617896e-02 -9.416678e-05  3.884649e-03  7.377397e-04  9.359195e-02  6.955225e-03 -2.006361e-02  1.276750e-01 -3.231423e-01 -4.761698e-02 -2.277863e-05  1.149325e-03 -1.306898e-03  1.276977e-01 -3.242917e-01 -4.631009e-02 
        2   0.00000   0.11369   1.15002   0.69925   0.79280 -1.289485e-01 -3.905512e-02  1.392567e-01  4.435810e-03  1.103946e-03  8.866934e-04 -1.333844e-01 -4.015907e-02  1.383700e-01  1.595328e-01 -1.028078e-01 -3.563667e-02  1.029523e-04  4.522392e-03  1.103946e-03  1.594298e-01 -1.073302e-01 -4.015907e-02  1.388925e-01 -4.838020e-01 -1.016461e-02 -3.982891e-05 -8.507715e-05  3.051720e-04  1.389323e-01 -4.837169e-01 -1.046978e-02 
        3   0.00000   0.22738   1.24981   0.76005   0.71540 -1.139431e-01 -7.861248e-02  1.861466e-01  3.859543e-03  1.178512e-03  8.776751e-04 -1.178026e-01 -7.979099e-02  1.852689e-01  2.031046e-01 -7.988802e-02 -7.583767e-02  1.941387e-04  3.953314e-03  1.178512e-03  2.029105e-01 -8.384134e-02 -7.979099e-02  1.369397e-01 -5.635904e-01 -1.292634e-01 -9.665281e-05 -8.337168e-04  1.544513e-03  1.370363e-01 -5.627567e-01 -1.308079e-01 
        4   0.00000   0.34107   1.34364   0.74766   0.73277  2.113930e-02 -1.684504e-01  1.364212e-01  4.022666e-03  1.180972e-03  8.493176e-04  1.711663e-02 -1.696314e-01  1.355719e-01  1.306779e-01  4.450744e-02 -1.655224e-01  1.378859e-04  4.109035e-03  1.180972e-03  1.305400e-01  4.039841e-02 -1.696314e-01  9.935688e-02 -3.182216e-01 -4.146308e-01 -1.128244e-04 -1.045133e-03  1.987628e-03  9.946971e-02 -3.171765e-01 -4.166184e-01 
        5   0.00000   0.45476   1.22488   0.30236   0.80896 -8.819701e-01 -8.434871e-01 -5.844347e-01  3.872609e-03  2.039023e-03  1.400629e-03 -8.858427e-01 -8.455262e-01 -5.858354e-01 -4.224034e-01 -9.700570e-01 -8.414692e-01  7.068792e-04  4.056992e-03  2.039023e-03 -4.231103e-01 -9.741140e-01 -8.455262e-01  5.442565e-02  1.824381e+00 -2.585492e+00 -2.706811e-04 -3.113127e-03  5.280469e-03  5.469633e-02  1.827494e+00 -2.590773e+00 
        6   0.00000   0.54524   1.22488   0.30236   0.66508 -8.751792e-02  9.482590e-01 -4.155811e-02  6.610591e-03  1.634573e-03 -1.270173e-03 -9.412851e-02  9.466244e-01 -4.028794e-02 -2.572942e-02 -9.340481e-02  9.529140e-01 -2.398793e-03  6.289598e-03  1.634573e-03 -2.333063e-02 -9.969441e-02  9.466244e-01 -1.778847e-01  2.354282e-01  2.977614e+00 -1.949282e-04  5.208203e-03  5.687885e-03 -1.776898e-01  2.302200e-01  2.971926e+00 
        7   0.00000   0.65893   1.34364   0.74766   0.65805  1.593068e-02  9.341649e-02  1.646915e-01  3.607548e-03  5.696848e-05  3.933582e-07  1.232313e-02  9.335952e-02  1.646911e-01  1.594232e-01  4.428704e-02  9.691232e-02 -6.260567e-04  3.552809e-03  5.696848e-05  1.600492e-01  4.073423e-02  9.335952e-02 -8.209746e-02 -4.073039e-01  2.493323e-01 -1.688235e-05  1.061159e-03  1.147273e-03 -8.208057e-02 -4.083651e-01  2.481850e-01 
        8   0.00000   0.77262   1.24981   0.76005   0.63822 -2.707083e-04  4.855154e-02  9.477551e-02  3.119135e-03 -2.184051e-04  1.744383e-04 -3.389844e-03  4.876995e-02  9.460108e-02  9.338267e-02  1.619100e-02  5.187199e-02 -3.698439e-04  3.102039e-03 -2.184051e-04  9.375251e-02  1.308896e-02  4.876995e-02 -8.700909e-02 -2.646790e-01  1.425827e-01  1.212735e-05  8.870990e-04  8.938407e-04 -8.702121e-02 -2.655660e-01  1.416888e-01 
        9   0.00000   0.88631   1.15002   0.69925   0.65712 -2.790403e-03  5.278698e-02  1.045541e-01  3.324193e-03 -3.897037e-04  3.100212e-04 -6.114596e-03  5.317668e-02  1.042440e-01  1.034502e-01  1.540761e-02  5.650421e-02 -2.719289e-04  3.327526e-03 -3.897037e-04  1.037221e-01  1.208009e-02  5.317668e-02 -1.298571e-01 -3.219939e-01  1.657594e-01  1.629579e-05  1.098372e-03  1.205948e-03 -1.298734e-01 -3.230923e-01  1.645534e-01 
       10   0.00000   1.00000   1.05025   0.63844   0.64349  1.614499e-02  4.425658e-02  1.046703e-01  3.244485e-03 -3.744110e-04  2.967068e-04  1.290050e-02  4.463099e-02  1.043736e-01  1.002766e-01  3.407552e-02  4.787771e-02 -2.711998e-04  3.246717e-03 -3.744110e-04  1.005478e-01  3.082881e-02  4.463099e-02 -1.665002e-01 -3.582863e-01  1.780677e-01  1.006437e-05  1.692131e-03  2.025227e-03 -1.665103e-01 -3.599784e-01  1.760425e-01 



Time history of loading for wing surface: 2 --> VSP Surface: 2 ... NOTE: values per area! 

  Station    Time       S       Chord     Area      V/Vref        Cx            Cy            Cz           Cxo           Cyo           Czo          Cxi            Cyi           Czi           Cl            Cd            Cs            Clo           Cdo           Cso           Cli           Cdi           Csi           Cmx           Cmy           Cmz          Cmxo          Cmyo          Cmzo          Cmxi          Cmyi          Cmzi 
        1   0.00000   0.00000   1.43502   3.06723   0.70493 -1.036737e-01  4.777620e-02  3.259583e-01  4.697191e-03  9.875014e-04  1.616704e-04 -1.083709e-01  4.678870e-02  3.257966e-01  3.390090e-01 -4.549658e-02  5.144261e-02 -6.564444e-04  4.653904e-03  9.875014e-04  3.396654e-01 -5.015048e-02  4.678870e-02  3.835518e-01  1.752317e-02  7.614294e-02  2.027337e-04 -1.666682e-04 -4.872220e-03  3.833490e-01  1.768984e-02  8.101517e-02 
        2   0.00000   0.50000   1.17185   2.49659   0.75536 -3.057551e-01  6.990897e-02 -5.313685e-04  3.974862e-03  9.015426e-04  1.194393e-04 -3.097299e-01  6.900742e-02 -6.508077e-04  5.257052e-02 -3.012022e-01  7.294264e-02 -5.726028e-04  3.935215e-03  9.015426e-04  5.314312e-02 -3.051375e-01  6.900742e-02 -2.194725e-01  4.948883e-01  8.011086e-01  2.818310e-04 -1.829680e-04 -7.998089e-03 -2.197543e-01  4.950713e-01  8.091067e-01 
        3   0.00000   1.00000   0.91022   1.92600   0.85266 -6.563473e-01  2.626532e-01  3.751827e-01  6.380967e-03  1.203198e-03  2.641514e-06 -6.627282e-01  2.614500e-01  3.751801e-01  4.834564e-01 -5.812261e-01  2.677344e-01 -1.105442e-03  6.284485e-03  1.203198e-03  4.845618e-01 -5.875105e-01  2.614500e-01  1.772803e+00 -5.180559e-01  3.252349e+00  1.708441e-05 -3.983936e-05 -2.312325e-02  1.772786e+00 -5.180160e-01  3.275472e+00 



Time history of loading for wing surface: 3 --> VSP Surface: 3 ... NOTE: values per area! 

  Station    Time       S       Chord     Area      V/Vref        Cx            Cy            Cz           Cxo           Cyo           Czo          Cxi            Cyi           Czi           Cl            Cd            Cs            Clo           Cdo           Cso           Cli           Cdi           Csi           Cmx           Cmy           Cmz          Cmxo          Cmyo          Cmzo          Cmxi          Cmyi          Cmzi 
        1   0.00000   0.00000   1.43502   3.06723   0.64168 -1.931101e-01  5.245831e-02  2.605071e-02  2.826257e-03 -7.749603e-04  1.535223e-04 -1.959363e-01  5.323327e-02  2.589719e-02  5.918815e-02 -1.856526e-01  5.604325e-02 -3.395844e-04  2.809979e-03 -7.749603e-04  5.952774e-02 -1.884626e-01  5.323327e-02 -9.777392e-02  1.482409e-01 -1.812635e-01 -1.879179e-04 -1.121103e-04  2.893542e-03 -9.758600e-02  1.483530e-01 -1.841570e-01 
        2   0.00000   0.50000   1.17185   2.49659   0.68288 -5.818940e-01 -8.282223e-02 -3.931142e-01  5.213173e-03 -1.630708e-03  3.139730e-04 -5.871072e-01 -8.119152e-02 -3.934282e-01 -2.860970e-01 -6.413173e-01 -7.600302e-02 -5.960550e-04  5.188494e-03 -1.630708e-03 -2.855010e-01 -6.465058e-01 -8.119152e-02  1.175239e+00  1.040485e+00 -1.533672e+00 -7.262109e-04 -3.772527e-04  1.009856e-02  1.175965e+00  1.040862e+00 -1.543771e+00 
        3   0.00000   1.00000   0.91022   1.92600   1.00512 -6.192549e-01 -2.175541e-01 -1.404915e-01  7.301389e-03 -1.999581e-04 -2.516102e-04 -6.265563e-01 -2.173542e-01 -1.402399e-01 -3.082468e-02 -6.342431e-01 -2.102074e-01 -1.515661e-03  7.146773e-03 -1.999581e-04 -2.930902e-02 -6.413899e-01 -2.173542e-01  2.083391e-01  5.768253e-01 -2.786170e+00  1.001523e-03  4.419178e-04  2.871163e-02  2.073376e-01  5.763834e-01 -2.814882e+00 
