   xfusel    yspan       cp      dMACH
   0.000000  0.000001  0.968281 -0.523567
   0.002408  0.003067  1.134320 -0.685160
   0.009607  0.012061  0.679615 -0.340801
   0.021530  0.026372  0.362782 -0.176504
   0.038060  0.045009 -0.051760  0.025235
   0.059039  0.066647 -0.793338  0.424995
   0.084265  0.089682 -1.518734  1.070460
   0.113495  0.112298 -1.948579  2.915678
   0.146447  0.132548       NaN       NaN
   0.182803  0.148440       NaN       NaN
   0.222215  0.158024       NaN       NaN
   0.264302  0.160000       NaN       NaN
   0.308658  0.160000       NaN       NaN
   0.354858  0.160000       NaN       NaN
   0.402455  0.160000       NaN       NaN
   0.450991  0.160000       NaN       NaN
   0.500000  0.160000 -1.958614  3.235511
   0.549009  0.160000       NaN       NaN
   0.597545  0.160000       NaN       NaN
   0.645142  0.160000       NaN       NaN
   0.691342  0.160000       NaN       NaN
   0.735698  0.160000       NaN       NaN
   0.777785  0.158024       NaN       NaN
   0.817197  0.148441       NaN       NaN
   0.853553  0.132548       NaN       NaN
   0.886505  0.112298 -1.948408  2.911358
   0.915735  0.089682 -1.517942  1.069346
   0.940961  0.066647 -0.792430  0.424425
   0.961940  0.045009 -0.051020  0.024873
   0.978470  0.026372  0.363089 -0.176656
   0.990393  0.012061  0.679233 -0.340589
   0.997592  0.003067  1.134544 -0.685473
   1.000000  0.000001  0.968710 -0.523892
   0.000000  0.172781 -0.688028  0.360887
   0.002408  0.172781 -0.700896  0.368526
   0.009607  0.172781 -0.743084  0.393938
   0.021530  0.172781 -0.826659  0.446100
   0.038060  0.172781 -0.974523  0.545572
   0.059039  0.172781 -1.216313  0.736667
   0.084265  0.172781 -1.556535  1.125954
   0.113495  0.172781 -1.885151  2.106888
   0.146447  0.172781       NaN       NaN
   0.182803  0.172781       NaN       NaN
   0.222215  0.172781       NaN       NaN
   0.264302  0.172781       NaN       NaN
   0.308658  0.172781       NaN       NaN
   0.354858  0.172781       NaN       NaN
   0.402455  0.172781       NaN       NaN
   0.450991  0.172781       NaN       NaN
   0.500000  0.172781       NaN       NaN
   0.549009  0.172781       NaN       NaN
   0.597545  0.172781       NaN       NaN
   0.645142  0.172781       NaN       NaN
   0.691342  0.172781 -0.214550  0.105725
   0.735698  0.172781       NaN       NaN
   0.777785  0.172781       NaN       NaN
   0.817197  0.172781       NaN       NaN
   0.853553  0.172781       NaN       NaN
   0.886505  0.172781 -1.975818  5.479300
   0.915735  0.172781 -1.815369  1.738046
   0.940961  0.172781 -1.484154  1.023379
   0.961940  0.172781 -1.199631  0.721966
   0.978470  0.172781 -1.013840  0.573895
   0.990393  0.172781 -0.905982  0.498186
   0.997592  0.172781 -0.850888  0.461723
   1.000000  0.172781 -0.834011  0.450815
   0.000000  0.192531 -0.718138  0.378843
   0.002408  0.192531 -0.731564  0.386941
   0.009607  0.192531 -0.774951  0.413527
   0.021530  0.192531 -0.858434  0.466638
   0.038060  0.192531 -1.000602  0.564259
   0.059039  0.192531 -1.224837  0.744285
   0.084265  0.192531 -1.535249  1.094147
   0.113495  0.192531 -1.850560  1.897094
   0.146447  0.192531 -1.976657  6.414525
   0.182803  0.192531       NaN       NaN
   0.222215  0.192531       NaN       NaN
   0.264302  0.192531       NaN       NaN
   0.308658  0.192531       NaN       NaN
   0.354858  0.192531       NaN       NaN
   0.402455  0.192531       NaN       NaN
   0.450991  0.192531       NaN       NaN
   0.500000  0.192531 -1.977244 11.607362
   0.549009  0.192531       NaN       NaN
   0.597545  0.192531       NaN       NaN
   0.645142  0.192531       NaN       NaN
   0.691342  0.192531  0.060224 -0.029236
   0.735698  0.192531       NaN       NaN
   0.777785  0.192531       NaN       NaN
   0.817197  0.192531       NaN       NaN
   0.853553  0.192531       NaN       NaN
   0.886505  0.192531 -1.969846  3.969789
   0.915735  0.192531 -1.790934  1.647491
   0.940961  0.192531 -1.484159  1.023386
   0.961940  0.192531 -1.221867  0.741622
   0.978470  0.192531 -1.045068  0.597049
   0.990393  0.192531 -0.938668  0.520486
   0.997592  0.192531 -0.882813  0.482687
   1.000000  0.192531 -0.865470  0.471243
   0.000000  0.212281 -0.735893  0.389565
   0.002408  0.212281 -0.749434  0.397813
   0.009607  0.212281 -0.792744  0.424622
   0.021530  0.212281 -0.874413  0.477128
   0.038060  0.212281 -1.009779  0.570928
   0.059039  0.212281 -1.217733  0.737931
   0.084265  0.212281 -1.502687  1.048209
   0.113495  0.212281 -1.805977  1.701666
   0.146447  0.212281 -1.969489  3.930466
   0.182803  0.212281       NaN       NaN
   0.222215  0.212281       NaN       NaN
   0.264302  0.212281       NaN       NaN
   0.308658  0.212281       NaN       NaN
   0.354858  0.212281       NaN       NaN
   0.402455  0.212281       NaN       NaN
   0.450991  0.212281 -1.975862  5.510580
   0.500000  0.212281 -1.970291  4.021698
   0.549009  0.212281       NaN       NaN
   0.597545  0.212281       NaN       NaN
   0.645142  0.212281 -1.972582  4.365121
   0.691342  0.212281  0.229852 -0.111427
   0.735698  0.212281       NaN       NaN
   0.777785  0.212281       NaN       NaN
   0.817197  0.212281       NaN       NaN
   0.853553  0.212281       NaN       NaN
   0.886505  0.212281 -1.954476  3.084966
   0.915735  0.212281 -1.754477  1.532878
   0.940961  0.212281 -1.466450  1.000465
   0.961940  0.212281 -1.223754  0.743314
   0.978470  0.212281 -1.056850  0.605946
   0.990393  0.212281 -0.953888  0.531052
   0.997592  0.212281 -0.898803  0.493357
   1.000000  0.212281 -0.881527  0.481834
   0.000000  0.232031 -0.743708  0.394318
   0.002408  0.232031 -0.757057  0.402484
   0.009607  0.232031 -0.799438  0.428827
   0.021530  0.232031 -0.878172  0.479612
   0.038060  0.232031 -1.006040  0.568205
   0.059039  0.232031 -1.198640  0.721101
   0.084265  0.232031 -1.460814  0.993325
   0.113495  0.232031 -1.751245  1.523659
   0.146447  0.232031 -1.947577  2.890733
   0.182803  0.232031       NaN       NaN
   0.222215  0.232031       NaN       NaN
   0.264302  0.232031       NaN       NaN
   0.308658  0.232031       NaN       NaN
   0.354858  0.232031       NaN       NaN
   0.402455  0.232031 -1.977259 15.652812
   0.450991  0.232031 -1.950055  2.954216
   0.500000  0.232031 -1.928946  2.544903
   0.549009  0.232031 -1.972176  4.292217
   0.597545  0.232031 -1.977259 15.770761
   0.645142  0.232031 -1.687748  1.365393
   0.691342  0.232031  0.336997 -0.163787
   0.735698  0.232031       NaN       NaN
   0.777785  0.232031       NaN       NaN
   0.817197  0.232031       NaN       NaN
   0.853553  0.232031 -1.977261 25.041161
   0.886505  0.232031 -1.925067  2.491367
   0.915735  0.232031 -1.706652  1.408534
   0.940961  0.232031 -1.435050  0.961588
   0.961940  0.232031 -1.210300  0.731336
   0.978470  0.232031 -1.053767  0.603608
   0.990393  0.232031 -0.955467  0.532155
   0.997592  0.232031 -0.902133  0.495594
   1.000000  0.232031 -0.885290  0.484332
   0.000000  0.251781 -0.743483  0.394181
   0.002408  0.251781 -0.756440  0.402106
   0.009607  0.251781 -0.797313  0.427490
   0.021530  0.251781 -0.872367  0.475779
   0.038060  0.251781 -0.992338  0.558296
   0.059039  0.251781 -1.170265  0.696728
   0.084265  0.251781 -1.411302  0.933546
   0.113495  0.251781 -1.686966  1.363669
   0.146447  0.251781 -1.906154  2.280162
   0.182803  0.251781 -1.976339  5.947084
   0.222215  0.251781       NaN       NaN
   0.264302  0.251781       NaN       NaN
   0.308658  0.251781       NaN       NaN
   0.354858  0.251781 -1.976990  7.373888
   0.402455  0.251781 -1.959349  3.266051
   0.450991  0.251781 -1.868187  1.995203
   0.500000  0.251781 -1.830092  1.799724
   0.549009  0.251781 -1.908589  2.303720
   0.597545  0.251781 -1.926620  2.512264
   0.645142  0.251781 -1.058768  0.607403
   0.691342  0.251781  0.406055 -0.197988
   0.735698  0.251781 -1.974077  4.712535
   0.777785  0.251781       NaN       NaN
   0.817197  0.251781       NaN       NaN
   0.853553  0.251781 -1.974105  4.720800
   0.886505  0.251781 -1.878569  2.061152
   0.915735  0.251781 -1.648216  1.283583
   0.940961  0.251781 -1.392781  0.912418
   0.961940  0.251781 -1.185061  0.709345
   0.978470  0.251781 -1.039158  0.592620
   0.990393  0.251781 -0.946299  0.525769
   0.997592  0.251781 -0.895381  0.491063
   1.000000  0.251781 -0.879200  0.480292
   0.000000  0.271531 -0.736769  0.390097
   0.002408  0.271531 -0.749184  0.397661
   0.009607  0.271531 -0.788163  0.421755
   0.021530  0.271531 -0.859056  0.467045
   0.038060  0.271531 -0.970925  0.543024
   0.059039  0.271531 -1.134731  0.667207
   0.084265  0.271531 -1.355664  0.871849
   0.113495  0.271531 -1.614371  1.220912
   0.146447  0.271531 -1.844499  1.866639
   0.182803  0.271531 -1.960564  3.319759
   0.222215  0.271531 -1.977197  9.378952
   0.264302  0.271531 -1.977261       NaN
   0.308658  0.271531 -1.972646  4.377324
   0.354858  0.271531 -1.939954  2.726647
   0.402455  0.271531 -1.863582  1.968044
   0.450991  0.271531 -1.721564  1.444752
   0.500000  0.271531 -1.668182  1.323605
   0.549009  0.271531 -1.741839  1.497571
   0.597545  0.271531 -1.680886  1.350426
   0.645142  0.271531 -0.424630  0.213838
   0.691342  0.271531  0.450902 -0.220476
   0.735698  0.271531 -1.882321  2.086816
   0.777785  0.271531       NaN       NaN
   0.817197  0.271531 -1.977155  8.634952
   0.853553  0.271531 -1.952173  3.013694
   0.886505  0.271531 -1.814190  1.733362
   0.915735  0.271531 -1.580281  1.163313
   0.940961  0.271531 -1.341865  0.857325
   0.961940  0.271531 -1.150709  0.680350
   0.978470  0.271531 -1.015578  0.575168
   0.990393  0.271531 -0.928658  0.513601
   0.997592  0.271531 -0.880576  0.481204
   1.000000  0.271531 -0.865231  0.471087
   0.000000  0.291281 -0.724812  0.382861
   0.002408  0.291281 -0.736590  0.389989
   0.009607  0.291281 -0.773418  0.412577
   0.021530  0.291281 -0.839871  0.454589
   0.038060  0.291281 -0.943582  0.523884
   0.059039  0.291281 -1.093765  0.634430
   0.084265  0.291281 -1.295324  0.810332
   0.113495  0.291281 -1.535105  1.093937
   0.146447  0.291281 -1.764909  1.563590
   0.182803  0.291281 -1.914121  2.360749
   0.222215  0.291281 -1.964234  3.512545
   0.264302  0.291281 -1.965518  3.594627
   0.308658  0.291281 -1.914808  2.368212
   0.354858  0.291281 -1.809984  1.716929
   0.402455  0.291281 -1.683360  1.355781
   0.450991  0.291281 -1.520883  1.073497
   0.500000  0.291281 -1.453006  0.983554
   0.549009  0.291281 -1.482905  1.021737
   0.597545  0.291281 -1.280413  0.795878
   0.645142  0.291281  0.063743 -0.030941
   0.691342  0.291281  0.479625 -0.235020
   0.735698  0.291281 -1.659448  1.305792
   0.777785  0.291281 -1.963592  3.474782
   0.817197  0.291281 -1.962919  3.437262
   0.853553  0.291281 -1.899689  2.221564
   0.886505  0.291281 -1.733274  1.474718
   0.915735  0.291281 -1.504372  1.050512
   0.940961  0.291281 -1.284207  0.799529
   0.961940  0.291281 -1.109375  0.646769
   0.978470  0.291281 -0.985050  0.553070
   0.990393  0.291281 -0.904352  0.497088
   0.997592  0.291281 -0.859390  0.467263
   1.000000  0.291281 -0.844984  0.457894
   0.000000  0.311031 -0.708662  0.373161
   0.002408  0.311031 -0.719743  0.379808
   0.009607  0.311031 -0.754263  0.400770
   0.021530  0.311031 -0.816124  0.439381
   0.038060  0.311031 -0.911731  0.502071
   0.059039  0.311031 -1.048770  0.599835
   0.084265  0.311031 -1.231627  0.750407
   0.113495  0.311031 -1.451058  0.981138
   0.146447  0.311031 -1.671346  1.330181
   0.182803  0.311031 -1.835349  1.823318
   0.222215  0.311031 -1.909270  2.310470
   0.264302  0.311031 -1.900286  2.226756
   0.308658  0.311031 -1.783331  1.621796
   0.354858  0.311031 -1.608833  1.211206
   0.402455  0.311031 -1.449779  0.979556
   0.450991  0.311031 -1.285836  0.801103
   0.500000  0.311031 -1.202951  0.724870
   0.549009  0.311031 -1.169500  0.696081
   0.597545  0.311031 -0.835670  0.451882
   0.645142  0.311031  0.395876 -0.192917
   0.691342  0.311031  0.497190 -0.243976
   0.735698  0.311031 -1.377630  0.895582
   0.777785  0.311031 -1.880643  2.075209
   0.817197  0.311031 -1.903572  2.256101
   0.853553  0.311031 -1.815544  1.738742
   0.886505  0.311031 -1.638750  1.265440
   0.915735  0.311031 -1.422294  0.946388
   0.940961  0.311031 -1.221498  0.741292
   0.961940  0.311031 -1.062788  0.610464
   0.978470  0.311031 -0.949221  0.527800
   0.990393  0.311031 -0.874892  0.477444
   0.997592  0.311031 -0.833210  0.450300
   1.000000  0.311031 -0.819808  0.441725
   0.000000  0.330781 -0.689195  0.361577
   0.002408  0.330781 -0.699546  0.367722
   0.009607  0.330781 -0.731685  0.387015
   0.021530  0.330781 -0.788904  0.422218
   0.038060  0.330781 -0.876558  0.478545
   0.059039  0.330781 -1.000980  0.564533
   0.084265  0.330781 -1.165804  0.692963
   0.113495  0.330781 -1.364115  0.880888
   0.146447  0.330781 -1.568313  1.144222
   0.182803  0.330781 -1.730920  1.468580
   0.222215  0.330781 -1.809640  1.715605
   0.264302  0.330781 -1.778082  1.604656
   0.308658  0.330781 -1.603818  1.202538
   0.354858  0.330781 -1.377101  0.895002
   0.402455  0.330781 -1.196556  0.719286
   0.450991  0.330781 -1.037068  0.591059
   0.500000  0.330781 -0.938432  0.520323
   0.549009  0.330781 -0.841242  0.455474
   0.597545  0.330781 -0.424091  0.213552
   0.645142  0.330781  0.605187 -0.300316
   0.691342  0.330781  0.506783 -0.248889
   0.735698  0.330781 -1.097643  0.637479
   0.777785  0.330781 -1.724072  1.451051
   0.817197  0.330781 -1.794558  1.660119
   0.853553  0.330781 -1.705513  1.405849
   0.886505  0.330781 -1.534355  1.092843
   0.915735  0.330781 -1.335986  0.851221
   0.940961  0.330781 -1.155324  0.684186
   0.961940  0.330781 -1.012447  0.572877
   0.978470  0.330781 -0.909474  0.500544
   0.990393  0.330781 -0.841532  0.455662
   0.997592  0.330781 -0.803196  0.431194
   1.000000  0.330781 -0.790829  0.423422
   0.000000  0.350531 -0.667162  0.348604
   0.002408  0.350531 -0.676765  0.354241
   0.009607  0.350531 -0.706492  0.371864
   0.021530  0.350531 -0.759116  0.403749
   0.038060  0.350531 -0.839046  0.454057
   0.059039  0.350531 -0.951402  0.529318
   0.084265  0.350531 -1.098988  0.638539
   0.113495  0.350531 -1.276047  0.791697
   0.146447  0.350531 -1.460078  0.992399
   0.182803  0.350531 -1.609934  1.213125
   0.222215  0.350531 -1.678470  1.345239
   0.264302  0.350531 -1.619854  1.230666
   0.308658  0.350531 -1.405297  0.926626
   0.354858  0.350531 -1.144547  0.675256
   0.402455  0.350531 -0.948179  0.527075
   0.450991  0.350531 -0.791834  0.424052
   0.500000  0.350531 -0.677491  0.354668
   0.549009  0.350531 -0.528215  0.269784
   0.597545  0.350531 -0.080542  0.039325
   0.645142  0.350531  0.728227 -0.368223
   0.691342  0.350531  0.510510 -0.250802
   0.735698  0.350531 -0.848525  0.460189
   0.777785  0.350531 -1.525166  1.079587
   0.817197  0.350531 -1.649393  1.285875
   0.853553  0.350531 -1.578062  1.159731
   0.886505  0.350531 -1.424021  0.948426
   0.915735  0.350531 -1.247398  0.764816
   0.940961  0.350531 -1.087084  0.629204
   0.961940  0.350531 -0.959624  0.535065
   0.978470  0.350531 -0.866969  0.472227
   0.990393  0.350531 -0.805325  0.432538
   0.997592  0.350531 -0.770344  0.410673
   1.000000  0.350531 -0.759022  0.403691
   0.000000  0.370281 -0.643202  0.334656
   0.002408  0.370281 -0.652057  0.339792
   0.009607  0.370281 -0.679400  0.355792
   0.021530  0.370281 -0.727517  0.384494
   0.038060  0.370281 -0.800025  0.429196
   0.059039  0.370281 -0.900925  0.494782
   0.084265  0.370281 -1.032155  0.587401
   0.113495  0.370281 -1.188416  0.712233
   0.146447  0.370281 -1.350283  0.866151
   0.182803  0.370281 -1.480786  1.018961
   0.222215  0.370281 -1.530826  1.087722
   0.264302  0.370281 -1.446758  0.975833
   0.308658  0.370281 -1.207835  0.729161
   0.354858  0.370281 -0.927818  0.513025
   0.402455  0.370281 -0.719144  0.379448
   0.450991  0.370281 -0.562430  0.288753
   0.500000  0.370281 -0.433668  0.218639
   0.549009  0.370281 -0.248878  0.123001
   0.597545  0.370281  0.187746 -0.090992
   0.645142  0.370281  0.793675 -0.406718
   0.691342  0.370281  0.509839 -0.250458
   0.735698  0.370281 -0.638818  0.332121
   0.777785  0.370281 -1.314290  0.829126
   0.817197  0.370281 -1.485204  1.024762
   0.853553  0.370281 -1.441613  0.969537
   0.886505  0.370281 -1.311402  0.826234
   0.915735  0.370281 -1.158309  0.686676
   0.940961  0.370281 -1.018057  0.576987
   0.961940  0.370281 -0.905430  0.497814
   0.978470  0.370281 -0.822701  0.443570
   0.990393  0.370281 -0.767204  0.408733
   0.997592  0.370281 -0.735509  0.389332
   1.000000  0.370281 -0.725223  0.383109
   0.000000  0.390031 -0.617850  0.320068
   0.002408  0.390031 -0.625970  0.324722
   0.009607  0.390031 -0.650979  0.339165
   0.021530  0.390031 -0.694741  0.364866
   0.038060  0.390031 -0.760155  0.404388
   0.059039  0.390031 -0.850270  0.461321
   0.084265  0.390031 -0.966136  0.539643
   0.113495  0.390031 -1.102494  0.641308
   0.146447  0.390031 -1.241813  0.759683
   0.182803  0.390031 -1.350089  0.865946
   0.222215  0.390031 -1.378664  0.896719
   0.264302  0.390031 -1.273675  0.789435
   0.308658  0.390031 -1.022722  0.580419
   0.354858  0.390031 -0.734342  0.388625
   0.402455  0.390031 -0.516396  0.263292
   0.450991  0.390031 -0.356352  0.178016
   0.500000  0.390031 -0.215591  0.106247
   0.549009  0.390031 -0.011779  0.005732
   0.597545  0.390031  0.387152 -0.188580
   0.645142  0.390031  0.821643 -0.423843
   0.691342  0.390031  0.505856 -0.248414
   0.735698  0.390031 -0.467336  0.236651
   0.777785  0.390031 -1.111305  0.648307
   0.817197  0.390031 -1.316319  0.831165
   0.853553  0.390031 -1.303227  0.818106
   0.886505  0.390031 -1.199558  0.721902
   0.915735  0.390031 -1.070275  0.616195
   0.940961  0.390031 -0.949320  0.527868
   0.961940  0.390031 -0.850762  0.461641
   0.978470  0.390031 -0.777507  0.415114
   0.990393  0.390031 -0.727916  0.384735
   0.997592  0.390031 -0.699411  0.367642
   1.000000  0.390031 -0.690134  0.362133
   0.000000  0.409781 -0.591569  0.305123
   0.002408  0.409781 -0.598978  0.309319
   0.009607  0.409781 -0.621720  0.322284
   0.021530  0.409781 -0.661321  0.345189
   0.038060  0.409781 -0.720026  0.379978
   0.059039  0.409781 -0.800041  0.429206
   0.084265  0.409781 -0.901609  0.495242
   0.113495  0.409781 -1.019294  0.577896
   0.146447  0.409781 -1.136783  0.668883
   0.182803  0.409781 -1.222505  0.742194
   0.222215  0.409781 -1.230022  0.748956
   0.264302  0.409781 -1.109424  0.646808
   0.308658  0.409781 -0.855225  0.464545
   0.354858  0.409781 -0.566173  0.290845
   0.402455  0.409781 -0.341968  0.170563
   0.450991  0.409781 -0.177168  0.087049
   0.500000  0.409781 -0.027594  0.013438
   0.549009  0.409781  0.181440 -0.087935
   0.597545  0.409781  0.528974 -0.260316
   0.645142  0.409781  0.825631 -0.426323
   0.691342  0.409781  0.499308 -0.245060
   0.735698  0.409781 -0.329247  0.163995
   0.777785  0.409781 -0.926508  0.512129
   0.817197  0.409781 -1.152592  0.681913
   0.853553  0.409781 -1.168135  0.694929
   0.886505  0.409781 -1.090907  0.632191
   0.915735  0.409781 -0.984569  0.552726
   0.940961  0.409781 -0.881783  0.482004
   0.961940  0.409781 -0.796418  0.426928
   0.978470  0.409781 -0.732094  0.387262
   0.990393  0.409781 -0.688100  0.360929
   0.997592  0.409781 -0.662664  0.345973
   1.000000  0.409781 -0.654352  0.341127
   0.000000  0.429531 -0.564743  0.290045
   0.002408  0.429531 -0.571468  0.293809
   0.009607  0.429531 -0.592059  0.305400
   0.021530  0.429531 -0.627700  0.325715
   0.038060  0.429531 -0.680103  0.356206
   0.059039  0.429531 -0.750740  0.398612
   0.084265  0.429531 -0.839115  0.454102
   0.113495  0.429531 -0.939556  0.521100
   0.146447  0.429531 -1.036654  0.590750
   0.182803  0.429531 -1.101060  0.640174
   0.222215  0.429531 -1.089695  0.631243
   0.264302  0.429531 -0.958449  0.534242
   0.308658  0.429531 -0.706951  0.372139
   0.354858  0.429531 -0.422519  0.212719
   0.402455  0.429531 -0.195085  0.095984
   0.450991  0.429531 -0.025613  0.012472
   0.500000  0.429531  0.129324 -0.062697
   0.549009  0.429531  0.333309 -0.161972
   0.597545  0.429531  0.625089 -0.310987
   0.645142  0.429531  0.814508 -0.419431
   0.691342  0.429531  0.490830 -0.240728
   0.735698  0.429531 -0.218878  0.107896
   0.777785  0.429531 -0.763839  0.406656
   0.817197  0.429531 -0.999920  0.563765
   0.853553  0.429531 -1.039883  0.593162
   0.886505  0.429531 -0.987195  0.554604
   0.915735  0.429531 -0.902184  0.495628
   0.940961  0.429531 -0.816193  0.439424
   0.961940  0.429531 -0.743038  0.393910
   0.978470  0.429531 -0.687040  0.360302
   0.990393  0.429531 -0.648325  0.337624
   0.997592  0.429531 -0.625773  0.324608
   1.000000  0.429531 -0.618380  0.320371
   0.000000  0.449281 -0.537710  0.275022
   0.002408  0.449281 -0.543780  0.278381
   0.009607  0.449281 -0.562319  0.288691
   0.021530  0.449281 -0.594238  0.306633
   0.038060  0.449281 -0.640770  0.333249
   0.059039  0.449281 -0.702747  0.369629
   0.084265  0.449281 -0.779049  0.416073
   0.113495  0.449281 -0.863804  0.470151
   0.146447  0.449281 -0.942320  0.523010
   0.182803  0.449281 -0.987478  0.554807
   0.222215  0.449281 -0.960147  0.535432
   0.264302  0.449281 -0.822493  0.443437
   0.308658  0.449281 -0.577547  0.297220
   0.354858  0.449281 -0.301252  0.149622
   0.402455  0.449281 -0.073500  0.035874
   0.450991  0.449281  0.099480 -0.048250
   0.500000  0.449281  0.256411 -0.124348
   0.549009  0.449281  0.448500 -0.219265
   0.597545  0.449281  0.686109 -0.344415
   0.645142  0.449281  0.794054 -0.406948
   0.691342  0.449281  0.480867 -0.235652
   0.735698  0.449281 -0.131049  0.064182
   0.777785  0.449281 -0.623554  0.323335
   0.817197  0.449281 -0.861175  0.468430
   0.853553  0.449281 -0.920555  0.508064
   0.886505  0.449281 -0.889597  0.487200
   0.915735  0.449281 -0.823824  0.444288
   0.940961  0.449281 -0.753103  0.400059
   0.961940  0.449281 -0.691129  0.362723
   0.978470  0.449281 -0.642812  0.334429
   0.990393  0.449281 -0.609006  0.315019
   0.997592  0.449281 -0.589169  0.303767
   1.000000  0.449281 -0.582647  0.300089
   0.000000  0.469031 -0.510743  0.260197
   0.002408  0.469031 -0.516192  0.263180
   0.009607  0.469031 -0.532804  0.272313
   0.021530  0.469031 -0.561242  0.288090
   0.038060  0.469031 -0.602321  0.311216
   0.059039  0.469031 -0.656358  0.342295
   0.084265  0.469031 -0.721716  0.380995
   0.113495  0.469031 -0.792332  0.424364
   0.146447  0.469031 -0.854276  0.463927
   0.182803  0.469031 -0.882608  0.482551
   0.222215  0.469031 -0.842339  0.456183
   0.264302  0.469031 -0.701642  0.368971
   0.308658  0.469031 -0.465665  0.235752
   0.354858  0.469031 -0.199784  0.098332
   0.402455  0.469031  0.025675 -0.012477
   0.450991  0.469031  0.200348 -0.097103
   0.500000  0.469031  0.356288 -0.173296
   0.549009  0.469031  0.532500 -0.262139
   0.597545  0.469031  0.720756 -0.363950
   0.645142  0.469031  0.768035 -0.391394
   0.691342  0.469031  0.469774 -0.230019
   0.735698  0.469031 -0.061258  0.029879
   0.777785  0.469031 -0.504112  0.256575
   0.817197  0.469031 -0.737309  0.390425
   0.853553  0.469031 -0.811204  0.436258
   0.886505  0.469031 -0.798752  0.428395
   0.915735  0.469031 -0.749986  0.398151
   0.940961  0.469031 -0.692918  0.363784
   0.961940  0.469031 -0.641071  0.333422
   0.978470  0.469031 -0.599795  0.309782
   0.990393  0.469031 -0.570521  0.293279
   0.997592  0.469031 -0.553204  0.283612
   1.000000  0.469031 -0.547494  0.280440
   0.000000  0.488781 -0.484056  0.245676
   0.002408  0.488781 -0.488936  0.248320
   0.009607  0.488781 -0.503736  0.256370
   0.021530  0.488781 -0.528935  0.270180
   0.038060  0.488781 -0.565010  0.290194
   0.059039  0.488781 -0.611801  0.316613
   0.084265  0.488781 -0.667281  0.348674
   0.113495  0.488781 -0.725320  0.383168
   0.146447  0.488781 -0.772701  0.412132
   0.182803  0.488781 -0.786665  0.420818
   0.222215  0.488781 -0.736315  0.389822
   0.264302  0.488781 -0.595151  0.307150
   0.308658  0.488781 -0.369547  0.184881
   0.354858  0.488781 -0.115479  0.056500
   0.402455  0.488781  0.105440 -0.051136
   0.450991  0.488781  0.279788 -0.135749
   0.500000  0.488781  0.432246 -0.211091
   0.549009  0.488781  0.590743 -0.292635
   0.597545  0.488781  0.735955 -0.372667
   0.645142  0.488781  0.738909 -0.374372
   0.691342  0.488781  0.457858 -0.223987
   0.735698  0.488781 -0.005887  0.002864
   0.777785  0.488781 -0.403229  0.202528
   0.817197  0.488781 -0.628039  0.325910
   0.853553  0.488781 -0.712116  0.375229
   0.886505  0.488781 -0.714979  0.376945
   0.915735  0.488781 -0.680909  0.356681
   0.940961  0.488781 -0.635929  0.330453
   0.961940  0.488781 -0.593167  0.306027
   0.978470  0.488781 -0.558259  0.286426
   0.990393  0.488781 -0.533137  0.272497
   0.997592  0.488781 -0.518154  0.264255
   1.000000  0.488781 -0.513178  0.261529
   0.000000  0.508531 -0.457847  0.231553
   0.002408  0.508531 -0.462183  0.233880
   0.009607  0.508531 -0.475312  0.240949
   0.021530  0.508531 -0.497522  0.252985
   0.038060  0.508531 -0.528990  0.270211
   0.059039  0.508531 -0.569226  0.292553
   0.084265  0.508531 -0.615864  0.318933
   0.113495  0.508531 -0.662780  0.346041
   0.146447  0.508531 -0.697540  0.366529
   0.182803  0.508531 -0.699481  0.367684
   0.222215  0.508531 -0.641544  0.333696
   0.264302  0.508531 -0.501862  0.255348
   0.308658  0.508531 -0.287344  0.142520
   0.354858  0.508531 -0.045883  0.022363
   0.402455  0.508531  0.168679 -0.081753
   0.450991  0.508531  0.340742 -0.165631
   0.500000  0.508531  0.487775 -0.239170
   0.549009  0.508531  0.628224 -0.312678
   0.597545  0.508531  0.737034 -0.373289
   0.645142  0.508531  0.708284 -0.356867
   0.691342  0.508531  0.445356 -0.217681
   0.735698  0.508531  0.037965 -0.018442
   0.777785  0.508531 -0.318385  0.158406
   0.817197  0.508531 -0.532443  0.272114
   0.853553  0.508531 -0.623065  0.323055
   0.886505  0.508531 -0.638255  0.331795
   0.915735  0.508531 -0.616713  0.319418
   0.940961  0.508531 -0.582290  0.299888
   0.961940  0.508531 -0.547588  0.280492
   0.978470  0.508531 -0.518436  0.264410
   0.990393  0.508531 -0.497084  0.252746
   0.997592  0.508531 -0.484218  0.245763
   1.000000  0.508531 -0.479933  0.243445
   0.000000  0.528281 -0.432261  0.217891
   0.002408  0.528281 -0.436097  0.219931
   0.009607  0.528281 -0.447674  0.226106
   0.021530  0.528281 -0.467129  0.236540
   0.038060  0.528281 -0.494411  0.251293
   0.059039  0.528281 -0.528730  0.270068
   0.084265  0.528281 -0.567495  0.291584
   0.113495  0.528281 -0.604663  0.312548
   0.146447  0.528281 -0.628593  0.326228
   0.182803  0.528281 -0.620630  0.321660
   0.222215  0.528281 -0.557245  0.285861
   0.264302  0.528281 -0.420450  0.211623
   0.308658  0.528281 -0.217299  0.107104
   0.354858  0.528281  0.011222 -0.005456
   0.402455  0.528281  0.218023 -0.105681
   0.450991  0.528281  0.386050 -0.188032
   0.500000  0.528281  0.526258 -0.258912
   0.549009  0.528281  0.649308 -0.324119
   0.597545  0.528281  0.728034 -0.368112
   0.645142  0.528281  0.677203 -0.339463
   0.691342  0.528281  0.432440 -0.211188
   0.735698  0.528281  0.072608 -0.035237
   0.777785  0.528281 -0.247231  0.122170
   0.817197  0.528281 -0.449252  0.226950
   0.853553  0.528281 -0.543523  0.278238
   0.886505  0.528281 -0.568402  0.292091
   0.915735  0.528281 -0.557367  0.285929
   0.940961  0.528281 -0.532068  0.271907
   0.961940  0.528281 -0.504476  0.256774
   0.978470  0.528281 -0.480452  0.243726
   0.990393  0.528281 -0.462510  0.234056
   0.997592  0.528281 -0.451574  0.228192
   1.000000  0.528281 -0.447915  0.226235
   0.000000  0.548031 -0.407409  0.204731
   0.002408  0.548031 -0.410784  0.206512
   0.009607  0.548031 -0.420934  0.211880
   0.021530  0.548031 -0.437875  0.220878
   0.038060  0.548031 -0.461356  0.233436
   0.059039  0.548031 -0.490361  0.249093
   0.084265  0.548031 -0.522155  0.266451
   0.113495  0.548031 -0.550829  0.282292
   0.146447  0.548031 -0.565560  0.290502
   0.182803  0.548031 -0.549586  0.281601
   0.222215  0.548031 -0.482506  0.244837
   0.264302  0.548031 -0.349592  0.174509
   0.308658  0.548031 -0.157780  0.077414
   0.354858  0.548031  0.057771 -0.028047
   0.402455  0.548031  0.255784 -0.124043
   0.450991  0.548031  0.418333 -0.204120
   0.500000  0.548031  0.550787 -0.271637
   0.549009  0.548031  0.657672 -0.328694
   0.597545  0.548031  0.712009 -0.358975
   0.645142  0.548031  0.646340 -0.322501
   0.691342  0.548031  0.419278 -0.204592
   0.735698  0.548031  0.099870 -0.048439
   0.777785  0.548031 -0.187641  0.092268
   0.817197  0.548031 -0.377144  0.188845
   0.853553  0.548031 -0.472787  0.239587
   0.886505  0.548031 -0.505074  0.257100
   0.915735  0.548031 -0.502739  0.255826
   0.940961  0.548031 -0.485258  0.246327
   0.961940  0.548031 -0.463885  0.234795
   0.978470  0.548031 -0.444414  0.224365
   0.990393  0.548031 -0.429520  0.216434
   0.997592  0.548031 -0.420329  0.211559
   1.000000  0.548031 -0.417233  0.209920
