y
   8.146471907819386      0.24396844075764854      0.542476446221913      0.31527556671716345    
   34.802719391951506       37.802719391951506    
           3
           2
           0
Airfoil.dat 
  0.0000000E+00  0.0000000E+00  0.0000000E+00  0.0000000E+00
  0.31527556671716345      0.0000000E+00  0.0000000E+00  0.0000000E+00
   1.000000      0.0000000E+00  0.0000000E+00  0.0000000E+00
  0.6093474505042367    
TESTRUNNER                                                                      
y
  0.85       2    
