Testrun                                                                         
   20
  0.864002  0.009734
  0.932212  0.009729
  1.000422  0.009642
  1.068633  0.009483
  1.136843  0.009250
  1.205053  0.008937
  1.273264  0.008548
  1.341474  0.008102
  1.409685  0.007619
  1.477895  0.007111
  1.546106  0.006582
  1.614316  0.006035
  1.682526  0.005489
  1.750737  0.004958
  1.818947  0.004445
  1.887158  0.003952
  1.955368  0.003486
  2.023579  0.003052
  2.091789  0.002653
  2.160000  0.002286
 2   23000011002001100001   50    0.8500    2.0000    0.0000
   1.60 1.00 0.90 0.25    6    6    0    0    0    0
 3   0000000000000000000000000000000000000000000000000000000
 4   3333333333333333333333333333333333333333333333333333333
 5      10   10    3    3    5    7    9
 1     0.000001  1.000000  1.000000
   50
  4000000.    0  0.030000    0    5
    3    3
  0.000000  0.100000  0.150000  0.010000
  0.680995  0.100000  0.150000  0.010000
  2.160000  0.080000  0.130000  0.010000
  0.000000  1.000000  1.000000  0.000000
  0.680995  1.000000  1.000000  0.000000
  2.160000  1.000000  1.000000  0.000000
 2   0300001100100110001   450    0.8500    2.0000    0.0000
   1.60 1.00 0.90 0.25    6    6    0    0    0    0
 3   0000000000000000000000000000000000000000000000000000000
 4   3333333333333333333333333333333333333333333333333333333
 5      10   10    3    3    5    7    9
 1     0.000001  1.000000  1.000000
   10
  4000000.    0  0.030000    0    5
    3    3
  0.000000  0.100000  0.150000  0.010000
  0.680995  0.100000  0.150000  0.010000
  2.160000  0.080000  0.130000  0.010000
  0.000000  1.000000  1.000000  0.000000
  0.680995  1.000000  1.000000  0.000000
  2.160000  1.000000  1.000000  0.000000
 2   02000011001001100001  500    0.8500    2.0000    0.0000
   1.65 1.00 0.80 0.25    6    6    6    6   11   11
 3   0000000000000000000000000000000000000000000000000000000
 4   3333333333333333333333333333333333333333333333333333333
 5      10   10    3    3    5    7    9
 1     0.000001  1.000000  1.000000
   10
  4000000.    0  0.030000    0    5
    3    3
  0.000000  0.100000  0.150000  0.010000
  0.680995  0.100000  0.150000  0.010000
  2.160000  0.080000  0.130000  0.010000
  0.000000  1.000000  1.000000  0.000000
  0.680995  1.000000  1.000000  0.000000
  2.160000  1.000000  1.000000  0.000000
 2   01111011001001100001  500    0.8500    2.0000    0.0000
   1.70 1.00 0.70 0.25   16   16    6    6   25   25
 3   0000000000000000000000000000000000000000000000000000000
 4   3333333333333333333333333333333333333333333333333333333
 5      10   10    3    3    7   11   15
 1     0.000001  1.000000  1.000000
   10
  4000000.    0  0.030000    0    5
    3    3
  0.000000  0.100000  0.150000  0.010000
  0.680995  0.100000  0.150000  0.010000
  2.160000  0.080000  0.130000  0.010000
  0.000000  1.000000  1.000000  0.000000
  0.680995  1.000000  1.000000  0.000000
  2.160000  1.000000  1.000000  0.000000
 2   01111011001001100001 3000    0.8500    2.0000    0.0000
   1.70 1.00 0.70 0.25   16   16    6    6   25   25
 3   0000000000000000000000000000000000000000000000000000000
 4   3333333333333333333333333333333333333333333333333333333
 5      10   10    3    3    7   11   15
 6     0.000000  1.000000  1.000000
 0       3   30   30   10 0.0000010 0.0000010
   10
  4000000.    0  0.030000    0    5
    3    3
  0.000000  0.100000  0.150000  0.010000
  0.680995  0.100000  0.150000  0.010000
  2.160000  0.080000  0.130000  0.010000
  0.000000  1.000000  1.000000  0.000000
  0.680995  1.000000  1.000000  0.000000
  2.160000  1.000000  1.000000  0.000000
    0
