 TESTRUNNER                                                                      

 OPTIONS= 001001010000100001001000010000 L=   22 M=   38 N=  162

 Y1=   2.08713 Y2=   2.92198 X3=   1.87983 X4=   2.12380 Z3=   0.00000 Y3=   0.60935

 XF1=  -4.65000 XF2=  -4.14224 YF1=   0.60935 YF2=   1.46099 XF3=  -3.88836 YCL=   0.60935

 B1=  1.046636 B2=  0.070000 B3= 20.000000 B4=  0.200000 B5=  5.000000 B6=  2.087132

 YBAR1=  0.658022 YSLOP1=  1.669706 MBAR=   11 JPRINT=    3 YBAR2=  0.072563 YSLOP2=  1.669706 YG1R=  0.651090

 NITS=  100 NLPP=    5 STOL=  0.000000 R1=   0.11000 R2=   0.69000

 IDEL= 1000 NDEL=    1

 * MAINIM DONE *

 ETA DERIVATIVES PART 1

     J    ETA        Y         YE       YEE
     3  0.000000   0.00000   1.66971**********
     4  0.027778   0.00763   0.16696  -2.06006
     5  0.055556   0.01175   0.13679  -0.52462
     6  0.083333   0.01542   0.12936  -0.06482
     7  0.111111   0.01903   0.13196   0.25052
     8  0.138889   0.02283   0.14408   0.65744
     9  0.166667   0.02718   0.17266   1.55056
    10  0.194444   0.03286   0.25360   5.47156
    11  0.222222   0.04868   2.17808  -7.16013
    12  0.250000   0.11841   3.18598  58.24511
    13  0.277778   0.21595   3.42858 -20.42523
    14  0.305556   0.30416   2.96904 -11.41547
    15  0.333333   0.38321   2.75228  -5.00259
    16  0.361111   0.45820   2.66148  -1.86586
    17  0.388889   0.53167   2.63652  -0.07306
    18  0.416667   0.60505   2.65188   1.10814
    19  0.444444   0.67925   2.69500   1.95096
    20  0.472222   0.75495   2.75782   2.52492
    21  0.500000   0.83257   2.83215   2.75613
    22  0.527778   0.91229   2.90564   2.40885
    23  0.555556   0.99379   2.95669   1.05436
    24  0.583333   1.07602   2.95012  -1.80799
    25  0.611111   1.15675   2.84217  -6.13489
    26  0.638889   1.23274   2.60969 -10.37430
    27  0.666667   1.30090   2.28989 -12.08768
    28  0.694444   1.35995   1.96856 -10.59981
    29  0.722222   1.41093   1.71761  -7.30726
    30  0.750000   1.45631   1.56664  -3.53999
    31  0.777778   1.49895   1.52200   0.36605
    32  0.805556   1.54192   1.59202   4.83502
    33  0.833333   1.58871   1.80506  10.89284
    34  0.861111   1.64413   2.22938  20.48863
    35  0.888889   1.71583   3.01201  37.67340
    36  0.916667   1.81770   4.48375  73.00221
    37  0.944444   1.97938   7.59140 170.08216
    38  0.972222   2.29445  17.53772 763.84666

 *** ERROR 50 HAS OCCURRED - RUN ABORTED ***

