 2   01111011001311100001  500    0.0000    0.0000    0.0000
   1.70 1.00 0.70 0.25   16   16    6    6   25   25
 3   0000000000000000000000000000000000000000000000000000000
 4   3333333333333333333333333333333333333333333333333333333
 5      10   10    3    3    7   11   15
 0     0.000001  1.000000  1.000000
   10
  4000000.    0  0.030000    0    5
    3    3
  0.000000  0.100000  0.150000  0.010000
  0.000000  0.100000  0.150000  0.010000
  0.000000  0.080000  0.130000  0.010000
  0.000000  1.000000  1.000000  0.000000
  0.000000  1.000000  1.000000  0.000000
  0.000000  1.000000  1.000000  0.000000
    0
