w14m65a0p0re9m5                                                                 
   20
  1.291680  0.003197
  1.393655  0.002683
  1.495629  0.002233
  1.597604  0.001845
  1.699579  0.001514
  1.801554  0.001235
  1.903529  0.001003
  2.005503  0.000809
  2.107478  0.000650
  2.209453  0.000520
  2.311428  0.000413
  2.413403  0.000326
  2.515378  0.000255
  2.617352  0.000198
  2.719327  0.000152
  2.821302  0.000114
  2.923277  0.000084
  3.025251  0.000060
  3.127226  0.000039
  3.229201  0.000024
 2   23000011002001100001   50    0.6500    0.0000    0.4500
   1.60 1.00 0.90 0.25    6    6    0    0    0    0
 3   0000000000000000000000000000000000000000000000000000000
 4   3333333333333333333333333333333333333333333333333333333
 5      10   10    3    3    5    7    9
 1     0.000001  1.000000  1.000000
   50
  9500000.    0  0.030000    0    5
    3    3
  0.878411  0.020000  0.100000  0.000041
  2.902148  0.020000  0.100000  0.000056
  7.061184  0.020000  0.100000  0.000210
  0.878411  0.020000  0.150000  0.000041
  2.902148  0.020000  0.150000  0.000067
  7.061184  0.020000  0.150000  0.000280
 2   0300001100100110001   450    0.6500    0.0000    0.4500
   1.60 1.00 0.90 0.25    6    6    0    0    0    0
 3   0000000000000000000000000000000000000000000000000000000
 4   3333333333333333333333333333333333333333333333333333333
 5      10   10    3    3    5    7    9
 1     0.000001  1.000000  1.000000
   10
  9500000.    0  0.030000    0    5
    3    3
  0.878411  0.020000  0.100000  0.000041
  2.902148  0.020000  0.100000  0.000056
  7.061184  0.020000  0.100000  0.000210
  0.878411  0.020000  0.150000  0.000041
  2.902148  0.020000  0.150000  0.000067
  7.061184  0.020000  0.150000  0.000280
 2   02000011001001100001  500    0.6500    0.0000    0.4500
   1.65 1.00 0.80 0.25    6    6    6    6   11   11
 3   0000000000000000000000000000000000000000000000000000000
 4   3333333333333333333333333333333333333333333333333333333
 5      10   10    3    3    5    7    9
 1     0.000001  1.000000  1.000000
   10
  9500000.    0  0.030000    0    5
    3    3
  0.878411  0.020000  0.100000  0.000041
  2.902148  0.020000  0.100000  0.000056
  7.061184  0.020000  0.100000  0.000210
  0.878411  0.020000  0.150000  0.000041
  2.902148  0.020000  0.150000  0.000067
  7.061184  0.020000  0.150000  0.000280
 2   01111011001001100001  500    0.6500    0.0000    0.4500
   1.70 1.00 0.70 0.25   16   16    6    6   25   25
 3   0000000000000000000000000000000000000000000000000000000
 4   3333333333333333333333333333333333333333333333333333333
 5      10   10    3    3    7   11   15
 1     0.000001  1.000000  1.000000
   10
  9500000.    0  0.030000    0    5
    3    3
  0.878411  0.020000  0.100000  0.000041
  2.902148  0.020000  0.100000  0.000056
  7.061184  0.020000  0.100000  0.000210
  0.878411  0.020000  0.150000  0.000041
  2.902148  0.020000  0.150000  0.000067
  7.061184  0.020000  0.150000  0.000280
 2   01111011001001100001  500    0.6500    0.0000    0.4500
   1.70 1.00 0.70 0.25   16   16    6    6   25   25
 3   0000000000000000000000000000000000000000000000000000000
 4   3333333333333333333333333333333333333333333333333333333
 5      10   10    3    3    7   11   15
 0     0.000001  1.000000  1.000000
   10
  9500000.    0  0.030000    0    5
    3    3
  0.878411  0.020000  0.100000  0.000041
  2.902148  0.020000  0.100000  0.000056
  7.061184  0.020000  0.100000  0.000210
  0.878411  0.020000  0.150000  0.000041
  2.902148  0.020000  0.150000  0.000067
  7.061184  0.020000  0.150000  0.000280
    0
